271 272 277 261
271 272 279 261
233 203 273 217
229 203 233 217
217 249 273 203
238 206 262 229
235 196 264 227
218 165 232 212
233 246 271 200
233 217 246 200
245 210 284 244
234 272 279 261
225 165 232 218
219 206 238 182
239 260 271 246
203 233 273 229
200 260 271 246
253 249 273 245
225 255 269 230
225 218 236 197
239 269 271 246
210 245 284 235
217 233 273 249
200 247 271 260
249 245 253 212
221 209 237 208
271 239 275 269
200 233 271 247
248 196 264 235
231 216 240 162
210 244 245 181
223 217 233 200
269 246 271 249
279 277 281 257
214 248 278 196
278 234 285 242
120 243 259 202
217 233 271 249
239 230 269 246
249 195 269 246
261 257 279 277
269 249 271 232
233 246 271 217
197 158 263 236
235 196 289 227
125 223 233 202
229 217 233 125
254 202 259 243
261 271 279 277
233 271 273 249
215 243 259 86
275 271 279 272
200 239 260 246
272 271 273 232
206 229 238 34
196 270 278 248
234 242 278 205
275 272 279 234
34 219 238 229
241 208 282 239
219 202 243 120
219 120 243 140
209 208 221 47
254 243 259 215
278 242 285 265
279 277 281 271
249 232 273 271
279 257 281 251
218 225 236 232
195 249 269 232
158 201 263 236
255 225 285 197
181 199 245 244
224 206 227 172
206 219 227 185
203 245 249 212
230 225 255 103
197 158 236 218
233 223 247 200
217 246 271 249
235 224 283 206
255 269 285 225
260 271 279 239
244 210 284 235
79 219 243 140
224 190 264 210
158 201 236 218
162 231 240 164
162 164 240 216
247 271 279 260
267 241 286 213
240 214 265 216
229 125 233 202
244 210 248 235
205 265 278 242
254 202 281 243
216 265 288 205
212 245 253 199
234 198 282 213
214 216 240 69
245 249 273 203
69 231 240 216
212 165 232 195
86 120 259 243
209 223 247 200
207 152 240 201
239 44 246 230
210 245 283 169
261 59 278 196
244 248 284 235
216 201 240 146
206 227 235 224
224 235 264 227
227 196 264 52
261 205 278 50
206 229 262 34
164 146 240 216
196 214 278 59
182 219 238 34
254 243 281 215
246 217 249 141
195 225 232 165
208 282 286 241
208 239 241 101
201 207 250 240
182 34 238 206
217 223 233 126
195 246 249 141
220 186 244 210
226 222 242 211
216 162 231 68
202 229 238 219
210 245 283 235
220 210 264 171
242 211 280 222
206 227 238 219
221 251 287 89
261 257 279 198
218 197 225 157
198 251 279 257
230 239 275 269
221 208 252 109
199 245 284 244
272 273 277 271
232 253 273 249
241 239 275 204
277 261 278 272
48 208 221 47
205 214 278 49
235 227 238 206
230 103 255 106
214 240 274 220
237 208 260 209
213 228 234 60
204 239 275 230
198 213 234 60
230 204 275 255
216 214 265 67
185 191 227 219
225 232 285 236
101 204 241 239
227 219 243 79
107 225 255 197
227 235 289 238
211 197 263 161
202 238 281 243
228 222 276 226
228 222 268 226
222 228 276 268
232 272 273 253
241 275 282 239
146 201 240 164
199 212 245 188
68 216 231 69
197 263 280 211
224 210 283 235
202 233 281 238
244 220 248 210
220 244 274 240
202 130 229 219
234 272 285 278
222 242 276 226
172 206 227 185
164 207 240 152
272 269 275 271
252 109 286 208
247 271 281 279
212 218 253 232
59 261 278 49
220 207 244 240
195 230 269 225
197 225 285 236
209 47 221 48
217 200 223 126
182 34 262 206
227 243 289 196
125 217 233 126
120 79 243 140
234 198 282 279
210 220 264 248
49 50 278 261
201 236 250 218
247 279 281 251
242 263 285 280
220 214 274 248
236 240 274 250
226 211 266 166
197 280 285 263
253 250 274 236
207 201 250 159
203 262 273 229
196 261 278 270
48 109 221 208
49 59 278 214
208 221 252 237
206 224 283 176
226 228 276 242
171 190 264 210
188 203 245 212
49 205 278 50
241 213 286 282
203 217 229 32
245 253 284 273
226 266 288 211
130 35 229 219
277 270 278 272
248 196 270 235
201 236 250 240
236 250 253 218
269 230 275 255
268 213 276 241
211 242 280 263
213 252 282 198
261 277 278 270
270 196 289 235
202 125 223 116
126 125 233 223
204 241 276 275
166 226 288 266
201 240 256 216
239 271 279 275
234 276 282 213
164 231 240 207
223 202 281 233
202 254 281 223
210 169 244 181
67 205 265 214
218 236 253 232
164 152 240 201
212 163 218 165
242 276 285 234
275 272 285 234
272 273 284 253
231 220 240 214
211 226 288 242
221 88 251 89
176 210 283 224
88 251 252 221
199 274 284 244
199 250 274 244
250 199 284 274
202 229 238 233
210 169 245 181
196 61 257 243
35 34 219 182
200 209 223 118
229 238 273 233
204 275 276 255
252 109 286 80
228 234 276 213
221 109 252 80
199 253 284 250
232 269 272 271
209 208 260 47
228 268 276 213
69 214 216 67
250 274 284 253
245 235 284 273
236 265 274 240
269 275 285 272
146 162 216 164
202 120 219 133
48 94 208 109
187 199 212 188
262 235 273 245
216 201 256 146
234 205 261 90
234 272 278 261
199 181 244 194
205 265 288 242
200 209 260 247
186 220 244 183
186 210 220 171
198 251 252 88
227 52 264 76
172 185 227 191
231 214 240 62
67 216 265 205
208 241 286 96
229 238 273 262
197 158 263 150
207 244 250 240
244 250 274 240
204 230 255 106
222 211 226 26
35 219 229 34
220 248 274 244
265 256 288 242
226 228 288 242
248 274 278 214
211 266 288 242
201 159 207 152
181 169 283 245
206 172 224 176
247 209 254 251
242 276 280 222
209 254 287 251
239 208 260 108
202 219 243 238
67 216 288 205
227 84 243 196
256 216 288 265
239 200 246 45
86 79 243 120
4 195 212 165
222 241 255 204
218 165 225 163
212 249 253 232
234 228 242 205
215 86 259 77
85 251 257 198
120 117 259 202
272 270 277 273
241 255 276 222
275 276 285 234
217 125 229 123
198 252 282 279
220 207 240 231
191 219 227 78
89 85 287 251
225 269 285 232
219 227 243 238
272 270 284 273
236 242 285 265
195 246 269 230
195 95 246 230
272 253 274 236
197 157 218 158
220 171 264 54
196 243 289 257
223 247 254 209
212 4 249 195
253 199 284 245
236 263 265 242
69 231 240 62
222 241 276 268
248 270 278 274
103 107 255 225
222 211 280 26
199 250 253 218
196 214 248 59
263 201 265 256
201 263 265 236
190 224 264 65
141 217 246 132
150 201 263 158
201 236 265 240
220 214 231 70
235 262 273 238
241 113 286 267
62 69 240 214
228 205 234 90
201 256 265 240
197 107 225 29
201 159 250 152
251 85 257 215
213 198 252 82
161 211 263 149
68 155 231 162
60 90 261 234
78 79 227 219
196 52 264 248
247 237 279 260
251 85 287 215
60 198 261 234
156 218 225 157
237 279 282 239
136 200 217 126
212 4 249 193
74 226 288 166
48 47 208 94
218 199 250 40
251 215 287 254
170 185 206 172
117 120 202 133
241 276 282 275
196 84 243 61
130 35 229 34
248 210 264 235
196 261 277 270
237 198 279 252
224 227 264 76
224 172 227 66
196 261 277 257
238 235 289 273
228 205 288 242
255 276 285 275
234 242 276 228
214 265 278 205
68 51 231 155
276 280 285 242
267 241 268 213
191 36 219 78
245 262 273 203
176 170 206 172
97 230 239 44
251 215 281 254
254 209 258 134
218 212 253 41
279 252 282 237
244 274 284 248
171 190 264 65
199 218 253 41
84 227 243 79
60 90 234 228
50 49 261 59
269 275 285 255
45 239 246 44
235 270 284 273
166 74 288 266
199 39 250 244
183 207 244 220
203 188 212 173
187 184 212 188
262 235 283 245
96 208 286 112
106 204 255 92
41 199 253 212
195 212 249 232
278 265 285 236
209 200 260 128
13 86 259 120
272 278 285 236
198 85 251 88
254 258 287 209
237 260 279 239
276 241 282 213
106 204 230 92
201 154 263 256
88 89 251 85
252 80 286 53
195 95 246 43
131 209 221 48
242 256 265 263
101 204 239 102
232 253 272 236
146 164 201 152
86 77 259 13
227 238 289 243
195 103 230 225
166 145 266 211
239 260 282 208
275 276 282 234
235 270 289 273
258 215 259 77
103 106 255 107
277 271 281 233
125 116 223 126
39 207 250 244
141 121 249 217
275 239 282 279
125 126 217 123
255 204 276 241
176 210 283 179
238 281 289 243
208 111 239 101
200 128 209 118
236 272 274 265
133 140 219 120
32 123 229 217
280 276 285 255
234 261 278 205
4 31 249 195
258 215 287 77
171 186 220 183
237 260 282 239
109 208 286 94
236 263 285 242
239 200 260 45
233 281 289 238
197 211 280 27
194 181 244 180
209 221 287 251
36 79 219 140
31 193 249 4
201 158 218 153
164 159 207 152
248 220 264 70
258 77 259 138
111 108 239 208
36 78 219 79
206 182 219 185
209 221 287 131
101 204 241 104
195 165 225 30
211 256 266 242
236 272 278 265
166 145 226 211
33 203 229 32
262 235 283 206
281 277 289 233
199 194 244 39
234 275 282 279
222 255 280 100
131 139 287 221
256 211 263 143
233 271 281 247
273 233 277 271
201 218 250 147
222 204 255 100
190 210 224 174
187 199 245 188
272 274 278 265
220 37 231 207
68 155 51 21
60 198 213 82
214 265 274 240
222 204 241 100
197 255 285 280
272 232 285 236
209 237 251 221
174 176 224 210
197 161 211 27
267 241 268 222
68 155 162 21
214 265 278 274
110 195 230 103
126 129 223 200
203 217 249 32
68 51 231 69
210 180 244 169
195 132 246 141
224 210 264 235
223 118 254 209
113 267 286 213
235 238 262 206
256 211 266 143
169 181 244 180
128 142 260 200
61 243 257 81
110 195 225 103
201 146 256 154
200 217 246 136
223 247 281 233
54 171 264 65
167 216 256 146
255 107 280 197
80 53 252 55
239 111 260 108
141 195 249 31
116 202 254 223
221 80 252 55
211 256 263 242
73 213 228 60
173 203 249 212
262 178 283 245
78 36 191 1
247 251 281 254
26 222 226 93
180 186 244 210
201 151 250 152
47 48 209 131
198 237 279 251
233 238 277 273
243 281 289 257
196 257 289 277
208 237 282 260
172 191 227 78
281 257 289 277
5 226 268 114
50 205 261 90
42 165 212 4
13 137 259 77
183 38 244 207
196 257 261 57
277 238 289 233
198 237 252 251
245 203 262 175
104 222 241 100
203 229 262 33
216 167 266 256
119 221 287 87
97 204 239 230
96 113 286 241
87 83 287 221
208 101 241 96
132 43 246 195
267 71 268 213
225 195 269 232
47 209 260 46
262 168 283 177
215 254 259 258
164 162 231 155
211 145 226 25
168 206 283 262
134 209 254 118
163 165 212 42
29 103 225 107
108 111 208 101
192 171 220 54
207 183 220 37
220 214 248 70
62 69 214 67
222 276 280 255
78 36 79 1
108 47 260 208
129 200 223 118
95 44 246 230
197 236 285 263
181 187 245 199
159 207 250 39
101 96 208 112
272 269 285 232
242 266 288 256
196 52 227 84
220 54 264 70
119 139 221 87
282 213 286 252
254 247 281 223
282 208 286 252
187 41 212 199
228 226 288 64
141 43 195 132
195 110 230 95
220 70 231 63
139 221 287 119
185 182 219 35
137 120 259 13
248 270 284 274
205 67 214 49
157 156 218 158
215 251 281 257
173 193 249 212
30 195 225 110
82 213 286 252
167 162 216 68
104 91 241 222
28 197 280 107
186 180 244 183
258 134 287 209
150 157 197 158
38 39 244 207
248 270 284 235
215 254 287 258
145 166 226 25
150 153 201 158
59 214 248 70
178 245 262 175
104 100 241 204
164 207 231 144
52 58 248 196
200 136 246 135
77 258 287 83
50 60 261 90
159 152 250 151
201 153 218 147
141 121 249 31
66 172 227 78
113 71 286 213
5 56 268 226
138 77 259 137
22 167 216 68
113 71 267 213
248 52 264 58
144 37 231 207
119 139 10 87
70 62 231 214
95 44 246 43
136 126 200 129
205 228 288 64
228 73 268 213
154 256 263 143
174 190 210 171
222 226 268 93
201 153 250 147
36 1 79 140
48 80 221 109
45 97 239 44
37 220 231 63
188 184 212 173
40 218 250 147
151 153 250 201
177 262 283 178
32 217 249 121
163 218 225 156
215 77 287 83
192 183 220 171
46 128 260 209
123 33 229 32
81 61 243 84
82 88 252 198
229 34 262 177
228 226 268 64
202 254 259 124
176 174 210 179
99 222 280 26
83 77 258 138
177 203 262 33
78 79 227 84
96 113 267 241
190 18 171 65
202 116 254 124
247 209 260 237
97 102 239 204
196 57 261 59
39 194 244 180
34 182 262 177
58 59 248 196
40 39 250 199
141 4 195 31
143 149 263 211
82 53 286 252
161 150 263 197
111 101 239 102
45 135 246 200
85 57 257 198
37 192 220 63
106 92 255 107
41 184 212 187
254 118 258 134
61 52 196 84
278 272 284 270
129 118 200 128
29 28 197 107
4 30 195 165
57 196 257 61
215 243 281 257
108 47 260 46
199 40 218 41
41 212 218 163
142 128 260 46
173 31 249 193
57 60 261 198
83 221 287 89
2 80 221 48
100 107 280 255
141 121 217 132
116 223 254 127
181 178 283 245
117 124 259 202
136 132 246 217
189 176 224 172
202 133 219 130
131 48 221 139
163 156 225 165
270 277 289 273
180 38 244 183
278 274 284 272
189 172 224 66
37 183 207 38
33 177 262 229
145 143 266 211
221 55 252 89
104 101 204 102
83 119 287 87
63 192 220 54
26 25 226 211
79 84 243 86
221 251 252 237
111 239 260 45
22 75 216 68
256 167 266 143
261 234 279 198
57 257 261 198
187 181 245 188
270 196 289 277
188 175 245 203
131 119 287 139
28 27 280 197
22 167 162 68
237 247 279 251
143 167 256 146
208 252 282 237
270 278 284 274
142 45 260 200
168 177 283 178
238 277 289 273
72 226 268 64
183 192 220 37
132 136 246 135
128 46 209 47
267 222 268 91
74 56 226 166
82 213 286 53
182 206 262 177
39 38 244 180
27 161 211 149
272 274 284 253
204 92 255 107
160 37 231 63
226 114 268 98
256 216 265 240
247 209 251 237
73 72 268 213
143 154 256 146
67 216 288 75
54 18 171 65
37 160 231 144
10 87 83 119
139 2 221 48
125 130 229 202
100 222 280 99
167 146 216 162
134 131 287 209
81 215 243 86
215 83 287 85
36 185 219 191
83 85 287 89
72 71 268 213
39 159 250 151
168 176 283 206
71 267 268 72
32 203 249 173
56 72 268 226
221 88 252 89
175 177 262 203
243 81 257 215
150 154 263 201
108 111 260 46
59 58 196 52
87 139 221 2
150 161 263 149
27 26 280 211
25 166 226 0
75 167 216 22
177 168 262 206
90 64 288 205
67 90 288 205
193 42 212 4
112 96 286 105
178 177 262 175
204 97 230 92
116 124 254 127
89 55 252 88
74 166 266 24
58 70 248 59
91 100 222 104
121 32 249 31
254 118 258 122
9 109 286 80
54 58 264 70
167 216 266 75
129 128 200 142
103 110 230 95
190 17 224 65
39 40 250 151
90 64 228 205
124 120 259 117
111 45 239 97
174 186 210 171
72 56 268 5
2 87 221 80
248 58 264 70
50 59 261 57
91 241 267 222
75 266 288 216
176 189 224 174
62 70 231 63
110 30 225 103
78 172 191 15
32 31 249 173
67 69 216 75
93 226 268 98
64 226 288 74
107 28 280 27
224 66 227 76
9 53 286 80
73 228 268 72
70 54 220 63
5 98 268 114
53 213 286 71
60 50 261 57
60 82 198 88
208 112 286 105
164 159 207 144
51 62 231 69
111 102 239 97
142 45 260 46
138 137 77 12
120 79 86 14
155 164 231 144
133 35 219 130
44 45 246 135
88 85 198 57
94 208 286 105
134 122 258 118
16 172 189 66
76 52 264 58
67 62 214 49
78 66 172 15
98 222 268 91
153 151 250 147
111 46 260 45
83 87 221 89
73 72 213 71
17 190 224 189
140 120 79 14
100 107 255 204
166 0 226 56
59 49 214 70
73 60 213 82
65 76 264 224
150 143 263 154
5 56 226 114
258 83 287 138
11 138 287 83
98 93 268 222
101 96 241 104
157 29 225 197
11 119 287 138
57 61 196 59
48 2 80 109
150 143 263 149
178 188 245 181
93 26 226 25
267 91 268 98
86 14 13 120
119 258 287 138
169 186 210 180
228 72 268 64
93 98 226 114
90 60 228 73
41 42 212 163
110 95 195 43
81 84 243 86
34 33 229 177
74 75 266 24
24 75 266 23
96 91 267 241
82 55 252 53
71 72 267 7
184 193 212 173
81 85 257 215
100 107 280 99
37 144 207 38
32 123 217 121
190 174 224 189
33 177 203 175
117 133 202 130
185 182 206 170
105 94 286 109
102 97 204 92
75 69 216 68
65 17 224 66
56 72 226 64
136 123 217 126
132 43 246 44
17 189 224 66
24 148 266 23
178 188 245 175
127 124 259 254
166 24 266 148
85 57 257 81
99 93 222 26
188 173 203 175
40 151 250 147
131 119 287 134
82 71 213 53
114 0 226 25
3 192 37 63
192 19 171 54
51 62 231 63
77 83 215 85
94 47 208 108
26 25 211 145
7 115 267 72
40 41 218 147
161 157 197 150
83 12 77 138
30 4 195 110
112 94 208 105
113 8 286 71
149 143 211 145
38 39 207 159
88 82 252 55
107 99 280 27
167 23 266 75
132 135 246 44
216 266 288 256
74 266 288 75
108 112 208 101
90 67 288 64
27 26 280 99
169 181 283 178
148 167 266 23
155 160 231 20
40 39 199 194
44 97 230 95
166 145 266 148
116 125 202 130
182 168 206 177
64 72 228 73
130 125 229 34
176 168 283 179
91 96 241 104
125 123 229 33
16 15 172 66
57 81 257 61
113 105 286 96
71 113 267 7
160 63 231 20
63 192 19 54
119 83 287 11
146 152 201 154
28 27 197 161
150 153 201 154
152 151 201 153
267 72 268 115
160 155 231 144
116 126 223 127
136 135 200 129
11 138 12 83
37 3 160 63
140 36 219 133
155 51 231 20
136 121 217 132
163 156 218 158
0 114 226 56
98 93 222 91
143 148 266 145
91 99 222 100
66 65 224 76
93 25 226 114
118 223 254 127
134 128 209 118
7 72 115 6
143 148 266 167
166 24 56 0
91 93 222 99
127 118 254 122
74 166 56 24
43 4 195 141
119 134 287 258
153 158 218 147
76 65 264 58
115 91 267 113
29 157 197 28
66 78 227 76
77 137 13 12
36 185 219 35
33 32 203 175
129 126 223 118
147 41 218 163
56 74 226 64
47 128 209 131
78 84 227 76
72 98 268 5
51 63 231 20
107 92 204 100
84 52 227 76
55 80 221 87
137 120 259 124
29 156 225 157
3 192 19 63
81 77 215 86
119 122 258 134
110 4 195 43
53 8 286 71
73 82 213 71
74 64 288 67
74 75 288 67
50 49 205 67
124 117 202 116
170 168 206 176
105 9 286 109
6 72 268 115
116 117 202 130
168 182 206 170
19 54 171 18
30 165 225 156
122 119 258 138
118 126 223 127
189 16 17 66
125 34 229 33
36 35 219 133
22 21 162 68
8 113 71 7
112 94 208 108
98 6 268 115
100 104 204 102
8 113 286 105
179 169 283 178
106 97 230 92
23 22 75 167
113 91 267 96
122 258 259 138
60 57 198 88
128 134 209 131
187 181 199 194
50 67 205 90
54 58 264 65
186 169 210 174
152 153 201 154
26 149 211 145
8 9 286 105
127 254 259 122
137 122 259 124
42 41 212 184
27 149 211 26
168 179 283 178
9 53 286 8
175 32 203 173
190 17 18 65
144 159 207 38
157 161 197 28
98 5 72 6
77 81 215 85
147 163 218 158
179 210 283 169
30 29 225 156
72 98 268 6
122 254 259 258
10 11 83 119
98 91 267 115
40 187 199 41
179 174 210 169
21 155 51 20
122 127 259 124
15 78 191 1
122 137 259 138
89 87 221 55
7 115 267 113
95 103 230 106
121 123 217 136
63 3 160 20
42 184 212 193
267 115 268 98
135 45 200 142
30 29 225 103
87 139 10 2
135 142 200 129
64 90 228 73
95 97 230 106
109 2 80 9
61 59 196 52
102 100 204 92
187 194 199 40
5 0 56 114
140 1 79 14
49 62 214 70
366 367 372 356
366 367 374 356
328 298 368 312
324 298 328 312
312 344 368 298
333 301 357 324
330 291 359 322
313 165 327 307
328 341 366 295
328 312 341 295
340 305 379 339
329 367 374 356
320 165 327 313
314 301 333 182
334 355 366 341
298 328 368 324
295 355 366 341
348 344 368 340
320 350 364 325
320 313 331 292
334 364 366 341
305 340 379 330
312 328 368 344
295 342 366 355
344 340 348 307
316 304 332 303
366 334 370 364
295 328 366 342
343 291 359 330
326 311 335 162
305 339 340 181
318 312 328 295
364 341 366 344
374 372 376 352
309 343 373 291
373 329 380 337
120 338 354 297
312 328 366 344
334 325 364 341
344 290 364 341
356 352 374 372
364 344 366 327
328 341 366 312
292 158 358 331
330 291 384 322
125 318 328 297
324 312 328 125
349 297 354 338
356 366 374 372
328 366 368 344
310 338 354 86
370 366 374 367
295 334 355 341
367 366 368 327
301 324 333 34
291 365 373 343
329 337 373 300
370 367 374 329
34 314 333 324
336 303 377 334
314 297 338 120
314 120 338 140
304 303 316 47
349 338 354 310
373 337 380 360
374 372 376 366
344 327 368 366
374 352 376 346
313 320 331 327
290 344 364 327
158 296 358 331
350 320 380 292
181 294 340 339
319 301 322 172
301 314 322 185
298 340 344 307
325 320 350 103
292 158 331 313
328 318 342 295
312 341 366 344
330 319 378 301
350 364 380 320
355 366 374 334
339 305 379 330
79 314 338 140
319 190 359 305
158 296 331 313
162 326 335 164
162 164 335 311
342 366 374 355
362 336 381 308
335 309 360 311
324 125 328 297
339 305 343 330
300 360 373 337
349 297 376 338
311 360 383 300
307 340 348 294
329 293 377 308
309 311 335 69
340 344 368 298
69 326 335 311
307 165 327 290
86 120 354 338
304 318 342 295
302 152 335 296
334 44 341 325
305 340 378 169
356 59 373 291
339 343 379 330
311 296 335 146
301 322 330 319
319 330 359 322
322 291 359 52
356 300 373 50
301 324 357 34
164 146 335 311
291 309 373 59
182 314 333 34
349 338 376 310
341 312 344 141
290 320 327 165
303 377 381 336
303 334 336 101
296 302 345 335
182 34 333 301
312 318 328 126
290 341 344 141
315 186 339 305
321 317 337 306
311 162 326 68
297 324 333 314
305 340 378 330
315 305 359 171
337 306 375 317
301 322 333 314
316 346 382 89
356 352 374 293
313 292 320 157
293 346 374 352
325 334 370 364
316 303 347 109
294 340 379 339
367 368 372 366
327 348 368 344
336 334 370 299
372 356 373 367
48 303 316 47
300 309 373 49
330 322 333 301
325 103 350 106
309 335 369 315
332 303 355 304
308 323 329 60
299 334 370 325
293 308 329 60
325 299 370 350
311 309 360 67
185 191 322 314
320 327 380 331
101 299 336 334
322 314 338 79
107 320 350 292
322 330 384 333
306 292 358 161
297 333 376 338
323 317 371 321
323 317 363 321
317 323 371 363
327 367 368 348
336 370 377 334
146 296 335 164
294 307 340 188
68 311 326 69
292 358 375 306
319 305 378 330
297 328 376 333
339 315 343 305
315 339 369 335
297 130 324 314
329 367 380 373
317 337 371 321
172 301 322 185
164 302 335 152
367 364 370 366
347 109 381 303
342 366 376 374
307 313 348 327
59 356 373 49
315 302 339 335
290 325 364 320
292 320 380 331
304 47 316 48
312 295 318 126
182 34 357 301
322 338 384 291
125 312 328 126
120 79 338 140
329 293 377 374
305 315 359 343
49 50 373 356
296 331 345 313
342 374 376 346
337 358 380 375
315 309 369 343
331 335 369 345
321 306 361 166
292 375 380 358
348 345 369 331
302 296 345 159
298 357 368 324
291 356 373 365
48 109 316 303
49 59 373 309
303 316 347 332
301 319 378 176
321 323 371 337
171 190 359 305
188 298 340 307
49 300 373 50
336 308 381 377
298 312 324 32
340 348 379 368
321 361 383 306
130 35 324 314
372 365 373 367
343 291 365 330
296 331 345 335
331 345 348 313
364 325 370 350
363 308 371 336
306 337 375 358
308 347 377 293
356 372 373 365
365 291 384 330
297 125 318 116
126 125 328 318
299 336 371 370
166 321 383 361
296 335 351 311
334 366 374 370
329 371 377 308
164 326 335 302
318 297 376 328
297 349 376 318
305 169 339 181
67 300 360 309
313 331 348 327
164 152 335 296
307 163 313 165
337 371 380 329
370 367 380 329
367 368 379 348
326 315 335 309
306 321 383 337
316 88 346 89
176 305 378 319
88 346 347 316
294 369 379 339
294 345 369 339
345 294 379 369
297 324 333 328
305 169 340 181
291 61 352 338
35 34 314 182
295 304 318 118
324 333 368 328
299 370 371 350
347 109 381 80
323 329 371 308
316 109 347 80
294 348 379 345
327 364 367 366
304 303 355 47
323 363 371 308
69 309 311 67
345 369 379 348
340 330 379 368
331 360 369 335
364 370 380 367
146 162 311 164
297 120 314 133
48 94 303 109
187 294 307 188
357 330 368 340
311 296 351 146
329 300 356 90
329 367 373 356
294 181 339 194
300 360 383 337
295 304 355 342
186 315 339 183
186 305 315 171
293 346 347 88
322 52 359 76
172 185 322 191
326 309 335 62
67 311 360 300
303 336 381 96
324 333 368 357
292 158 358 150
302 339 345 335
339 345 369 335
299 325 350 106
317 306 321 26
35 314 324 34
315 343 369 339
360 351 383 337
321 323 383 337
343 369 373 309
306 361 383 337
296 159 302 152
181 169 378 340
301 172 319 176
342 304 349 346
337 371 375 317
304 349 382 346
334 303 355 108
297 314 338 333
67 311 383 300
322 84 338 291
351 311 383 360
334 295 341 45
86 79 338 120
4 290 307 165
317 336 350 299
313 165 320 163
307 344 348 327
329 323 337 300
310 86 354 77
85 346 352 293
120 117 354 297
367 365 372 368
336 350 371 317
370 371 380 329
312 125 324 123
293 347 377 374
315 302 335 326
191 314 322 78
89 85 382 346
320 364 380 327
314 322 338 333
367 365 379 368
331 337 380 360
290 341 364 325
290 95 341 325
367 348 369 331
292 157 313 158
315 171 359 54
291 338 384 352
318 342 349 304
307 4 344 290
348 294 379 340
331 358 360 337
69 326 335 62
317 336 371 363
343 365 373 369
103 107 350 320
317 306 375 26
294 345 348 313
291 309 343 59
358 296 360 351
296 358 360 331
190 319 359 65
141 312 341 132
150 296 358 158
296 331 360 335
315 309 326 70
330 357 368 333
336 113 381 362
62 69 335 309
323 300 329 90
296 351 360 335
292 107 320 29
296 159 345 152
346 85 352 310
308 293 347 82
161 306 358 149
68 155 326 162
60 90 356 329
78 79 322 314
291 52 359 343
342 332 374 355
346 85 382 310
60 293 356 329
156 313 320 157
332 374 377 334
136 295 312 126
307 4 344 193
74 321 383 166
48 47 303 94
313 294 345 40
346 310 382 349
170 185 301 172
117 120 297 133
336 371 377 370
291 84 338 61
130 35 324 34
343 305 359 330
291 356 372 365
332 293 374 347
319 322 359 76
319 172 322 66
291 356 372 352
333 330 384 368
323 300 383 337
350 371 380 370
329 337 371 323
309 360 373 300
68 51 326 155
371 375 380 337
362 336 363 308
191 36 314 78
340 357 368 298
176 170 301 172
97 325 334 44
346 310 376 349
349 304 353 134
313 307 348 41
374 347 377 332
339 369 379 343
171 190 359 65
294 313 348 41
84 322 338 79
60 90 329 323
50 49 356 59
364 370 380 350
45 334 341 44
330 365 379 368
166 74 383 361
294 39 345 339
183 302 339 315
298 188 307 173
187 184 307 188
357 330 378 340
96 303 381 112
106 299 350 92
41 294 348 307
290 307 344 327
373 360 380 331
304 295 355 128
13 86 354 120
367 373 380 331
293 85 346 88
349 353 382 304
332 355 374 334
371 336 377 308
106 299 325 92
296 154 358 351
88 89 346 85
347 80 381 53
290 95 341 43
131 304 316 48
337 351 360 358
101 299 334 102
327 348 367 331
146 164 296 152
86 77 354 13
322 333 384 338
290 103 325 320
166 145 361 306
334 355 377 303
370 371 377 329
330 365 384 368
353 310 354 77
103 106 350 107
372 366 376 328
125 116 318 126
39 302 345 339
141 121 344 312
370 334 377 374
125 126 312 123
350 299 371 336
176 305 378 179
333 376 384 338
303 111 334 101
295 128 304 118
331 367 369 360
133 140 314 120
32 123 324 312
375 371 380 350
329 356 373 300
4 31 344 290
353 310 382 77
171 186 315 183
332 355 377 334
109 303 381 94
331 358 380 337
334 295 355 45
328 376 384 333
292 306 375 27
194 181 339 180
304 316 382 346
36 79 314 140
31 193 344 4
296 158 313 153
164 159 302 152
343 315 359 70
353 77 354 138
111 108 334 303
36 78 314 79
301 182 314 185
304 316 382 131
101 299 336 104
290 165 320 30
306 351 361 337
331 367 373 360
166 145 321 306
33 298 324 32
357 330 378 301
376 372 384 328
294 194 339 39
329 370 377 374
317 350 375 100
131 139 382 316
351 306 358 143
328 366 376 342
368 328 372 366
296 313 345 147
317 299 350 100
190 305 319 174
187 294 340 188
367 369 373 360
315 37 326 302
60 293 308 82
309 360 369 335
317 299 336 100
292 350 380 375
367 327 380 331
304 332 346 316
174 176 319 305
292 161 306 27
362 336 363 317
309 360 373 369
110 290 325 103
126 129 318 295
298 312 344 32
68 51 326 69
305 180 339 169
290 132 341 141
319 305 359 330
318 118 349 304
113 362 381 308
330 333 357 301
351 306 361 143
169 181 339 180
128 142 355 295
61 338 352 81
110 290 320 103
296 146 351 154
295 312 341 136
318 342 376 328
54 171 359 65
167 311 351 146
350 107 375 292
80 53 347 55
334 111 355 108
141 290 344 31
116 297 349 318
316 80 347 55
306 351 358 337
73 308 323 60
173 298 344 307
357 178 378 340
342 346 376 349
26 317 321 93
180 186 339 305
296 151 345 152
47 48 304 131
293 332 374 346
328 333 372 368
338 376 384 352
291 352 384 372
303 332 377 355
172 191 322 78
376 352 384 372
5 321 363 114
50 300 356 90
42 165 307 4
13 137 354 77
183 38 339 302
291 352 356 57
372 333 384 328
293 332 347 346
340 298 357 175
104 317 336 100
298 324 357 33
311 167 361 351
119 316 382 87
97 299 334 325
96 113 381 336
87 83 382 316
303 101 336 96
132 43 341 290
362 71 363 308
320 290 364 327
47 304 355 46
357 168 378 177
310 349 354 353
164 162 326 155
306 145 321 25
168 301 378 357
134 304 349 118
163 165 307 42
29 103 320 107
108 111 303 101
192 171 315 54
302 183 315 37
315 309 343 70
62 69 309 67
317 371 375 350
108 47 355 303
129 295 318 118
95 44 341 325
292 331 380 358
181 187 340 294
159 302 345 39
101 96 303 112
367 364 380 327
337 361 383 351
291 52 322 84
315 54 359 70
119 139 316 87
377 308 381 347
349 342 376 318
377 303 381 347
187 41 307 294
323 321 383 64
141 43 290 132
290 110 325 95
315 70 326 63
139 316 382 119
185 182 314 35
137 120 354 13
343 365 379 369
300 67 309 49
157 156 313 158
310 346 376 352
173 193 344 307
30 290 320 110
82 308 381 347
167 162 311 68
104 91 336 317
28 292 375 107
186 180 339 183
353 134 382 304
150 157 292 158
38 39 339 302
343 365 379 330
310 349 382 353
145 166 321 25
150 153 296 158
59 309 343 70
178 340 357 175
104 100 336 299
164 302 326 144
52 58 343 291
295 136 341 135
77 353 382 83
50 60 356 90
159 152 345 151
296 153 313 147
141 121 344 31
66 172 322 78
113 71 381 308
5 56 363 321
138 77 354 137
22 167 311 68
113 71 362 308
343 52 359 58
144 37 326 302
70 62 326 309
95 44 341 43
136 126 295 129
300 323 383 64
323 73 363 308
154 351 358 143
174 190 305 171
317 321 363 93
296 153 345 147
48 80 316 109
45 97 334 44
37 315 326 63
188 184 307 173
40 313 345 147
151 153 345 296
177 357 378 178
32 312 344 121
163 313 320 156
310 77 382 83
192 183 315 171
46 128 355 304
123 33 324 32
81 61 338 84
82 88 347 293
324 34 357 177
323 321 363 64
297 349 354 124
176 174 305 179
99 317 375 26
83 77 353 138
177 298 357 33
78 79 322 84
96 113 362 336
297 116 349 124
342 304 355 332
97 102 334 299
291 57 356 59
39 194 339 180
34 182 357 177
58 59 343 291
40 39 345 294
141 4 290 31
143 149 358 306
82 53 381 347
161 150 358 292
111 101 334 102
45 135 341 295
85 57 352 293
37 192 315 63
106 92 350 107
41 184 307 187
349 118 353 134
61 52 291 84
373 367 379 365
129 118 295 128
29 28 292 107
4 30 290 165
57 291 352 61
310 338 376 352
108 47 355 46
294 40 313 41
41 307 313 163
142 128 355 46
173 31 344 193
57 60 356 293
83 316 382 89
2 80 316 48
100 107 375 350
141 121 312 132
116 318 349 127
181 178 378 340
117 124 354 297
136 132 341 312
189 176 319 172
297 133 314 130
131 48 316 139
163 156 320 165
365 372 384 368
180 38 339 183
373 369 379 367
189 172 319 66
37 183 302 38
33 177 357 324
145 143 361 306
316 55 347 89
104 101 299 102
83 119 382 87
63 192 315 54
26 25 321 306
79 84 338 86
316 346 347 332
111 334 355 45
22 75 311 68
351 167 361 143
356 329 374 293
57 352 356 293
187 181 340 188
365 291 384 372
188 175 340 298
131 119 382 139
28 27 375 292
332 342 374 346
143 167 351 146
303 347 377 332
365 373 379 369
142 45 355 295
168 177 378 178
333 372 384 368
72 321 363 64
183 192 315 37
132 136 341 135
128 46 304 47
362 317 363 91
74 56 321 166
82 308 381 53
182 301 357 177
39 38 339 180
27 161 306 149
367 369 379 348
299 92 350 107
160 37 326 63
321 114 363 98
351 311 360 335
342 304 346 332
73 72 363 308
143 154 351 146
67 311 383 75
37 160 326 144
139 2 316 48
125 130 324 297
100 317 375 99
167 146 311 162
134 131 382 304
81 310 338 86
310 83 382 85
36 185 314 191
83 85 382 89
72 71 363 308
39 159 345 151
168 176 378 301
71 362 363 72
32 298 344 173
56 72 363 321
316 88 347 89
175 177 357 298
338 81 352 310
150 154 358 296
108 111 355 46
59 58 291 52
87 139 316 2
150 161 358 149
27 26 375 306
25 166 321 0
75 167 311 22
177 168 357 301
90 64 383 300
67 90 383 300
193 42 307 4
112 96 381 105
178 177 357 175
299 97 325 92
116 124 349 127
89 55 347 88
74 166 361 24
58 70 343 59
91 100 317 104
121 32 344 31
349 118 353 122
9 109 381 80
54 58 359 70
167 311 361 75
129 128 295 142
103 110 325 95
190 17 319 65
39 40 345 151
90 64 323 300
124 120 354 117
111 45 334 97
174 186 305 171
72 56 363 5
2 87 316 80
343 58 359 70
50 59 356 57
91 336 362 317
75 361 383 311
176 189 319 174
62 70 326 63
110 30 320 103
32 31 344 173
67 69 311 75
93 321 363 98
64 321 383 74
107 28 375 27
319 66 322 76
9 53 381 80
73 323 363 72
70 54 315 63
5 98 363 114
53 308 381 71
60 50 356 57
60 82 293 88
303 112 381 105
164 159 302 144
51 62 326 69
111 102 334 97
142 45 355 46
155 164 326 144
133 35 314 130
44 45 341 135
88 85 293 57
94 303 381 105
134 122 353 118
76 52 359 58
67 62 309 49
98 317 363 91
153 151 345 147
111 46 355 45
83 87 316 89
73 72 308 71
17 190 319 189
100 107 350 299
166 0 321 56
59 49 309 70
73 60 308 82
65 76 359 319
150 143 358 154
5 56 321 114
353 83 382 138
11 138 382 83
98 93 363 317
101 96 336 104
157 29 320 292
11 119 382 138
57 61 291 59
150 143 358 149
178 188 340 181
93 26 321 25
362 91 363 98
119 353 382 138
169 186 305 180
323 72 363 64
93 98 321 114
90 60 323 73
41 42 307 163
110 95 290 43
81 84 338 86
34 33 324 177
74 75 361 24
24 75 361 23
96 91 362 336
82 55 347 53
71 72 362 7
184 193 307 173
81 85 352 310
100 107 375 99
37 144 302 38
32 123 312 121
190 174 319 189
33 177 298 175
117 133 297 130
185 182 301 170
105 94 381 109
102 97 299 92
75 69 311 68
65 17 319 66
56 72 321 64
136 123 312 126
132 43 341 44
17 189 319 66
24 148 361 23
178 188 340 175
127 124 354 349
166 24 361 148
85 57 352 81
99 93 317 26
188 173 298 175
40 151 345 147
131 119 382 134
82 71 308 53
114 0 321 25
51 62 326 63
77 83 310 85
94 47 303 108
26 25 306 145
7 115 362 72
40 41 313 147
161 157 292 150
30 4 290 110
112 94 303 105
113 8 381 71
149 143 306 145
38 39 302 159
88 82 347 55
107 99 375 27
167 23 361 75
132 135 341 44
311 361 383 351
74 361 383 75
108 112 303 101
90 67 383 64
27 26 375 99
169 181 378 178
148 167 361 23
155 160 326 20
40 39 294 194
44 97 325 95
166 145 361 148
116 125 297 130
182 168 301 177
64 72 323 73
130 125 324 34
176 168 378 179
91 96 336 104
125 123 324 33
57 81 352 61
113 105 381 96
71 113 362 7
160 63 326 20
119 83 382 11
146 152 296 154
28 27 292 161
150 153 296 154
152 151 296 153
362 72 363 115
160 155 326 144
116 126 318 127
136 135 295 129
140 36 314 133
155 51 326 20
136 121 312 132
163 156 313 158
0 114 321 56
98 93 317 91
143 148 361 145
91 99 317 100
66 65 319 76
93 25 321 114
118 318 349 127
134 128 304 118
143 148 361 167
91 93 317 99
127 118 349 122
43 4 290 141
119 134 382 353
153 158 313 147
76 65 359 58
115 91 362 113
29 157 292 28
66 78 322 76
36 185 314 35
33 32 298 175
129 126 318 118
147 41 313 163
56 74 321 64
47 128 304 131
78 84 322 76
72 98 363 5
51 63 326 20
107 92 299 100
84 52 322 76
55 80 316 87
137 120 354 124
29 156 320 157
81 77 310 86
119 122 353 134
110 4 290 43
53 8 381 71
73 82 308 71
74 64 383 67
74 75 383 67
50 49 300 67
124 117 297 116
170 168 301 176
105 9 381 109
6 72 363 115
116 117 297 130
168 182 301 170
30 165 320 156
122 119 353 138
118 126 318 127
125 34 324 33
36 35 314 133
112 94 303 108
98 6 363 115
100 104 299 102
8 113 381 105
179 169 378 178
106 97 325 92
113 91 362 96
122 353 354 138
60 57 293 88
128 134 304 131
187 181 294 194
50 67 300 90
54 58 359 65
186 169 305 174
152 153 296 154
26 149 306 145
8 9 381 105
127 349 354 122
137 122 354 124
42 41 307 184
27 149 306 26
168 179 378 178
9 53 381 8
175 32 298 173
144 159 302 38
157 161 292 28
77 81 310 85
147 163 313 158
179 305 378 169
30 29 320 156
72 98 363 6
122 349 354 353
98 91 362 115
40 187 294 41
179 174 305 169
122 127 354 124
122 137 354 138
89 87 316 55
7 115 362 113
95 103 325 106
121 123 312 136
42 184 307 193
362 115 363 98
135 45 295 142
30 29 320 103
135 142 295 129
64 90 323 73
95 97 325 106
61 59 291 52
102 100 299 92
187 194 294 40
49 62 309 70
