56 0 5
56 24 0
78 79 1
1 15 78
79 1 14
80 2 87
80 2 9
2 87 10
20 63 3
63 19 3
67 74 64
64 90 67
73 64 72
64 56 72
73 64 90
64 56 74
76 66 65
66 65 17
58 76 65
65 54 58
65 54 18
17 65 18
76 66 78
15 78 66
66 16 17
66 16 15
75 67 69
67 62 69
67 74 75
67 50 49
90 50 67
49 67 62
68 75 69
69 68 51
68 22 75
51 68 21
68 22 21
69 51 62
63 70 54
63 62 70
70 54 58
59 58 70
70 59 49
70 49 62
71 73 72
7 71 72
71 73 82
53 82 71
71 53 8
7 71 8
5 72 56
5 6 72
6 7 72
82 73 60
73 90 60
24 74 75
24 74 56
22 75 23
23 24 75
85 77 81
85 77 83
86 81 77
13 86 77
12 77 83
12 13 77
87 55 80
55 80 53
80 9 53
85 88 89
57 88 85
81 85 57
89 83 85
88 60 82
55 88 82
88 89 55
88 60 57
53 82 55
86 81 84
86 79 84
79 14 86
86 14 13
61 57 81
84 81 61
89 83 87
55 89 87
76 78 84
58 76 52
76 84 52
10 87 83
84 78 79
11 12 83
10 83 11
84 61 52
52 61 59
59 57 61
52 59 58
57 60 50
57 50 59
63 51 62
20 51 63
20 21 51
59 50 49
90 50 60
54 19 63
18 19 54
8 9 53
43 110 4
110 30 4
114 5 0
25 114 0
109 48 2
9 109 2
106 95 97
95 44 97
95 103 110
106 95 103
43 110 95
43 95 44
99 91 93
91 98 93
26 99 93
114 93 98
114 93 25
25 93 26
92 102 100
100 107 92
92 102 97
92 106 97
107 106 92
100 91 99
104 91 100
96 113 91
113 115 91
104 91 96
115 98 91
99 100 107
27 107 99
99 27 26
102 100 104
101 108 112
101 108 111
104 101 96
112 101 96
102 104 101
102 111 101
96 113 105
105 8 113
113 7 115
7 8 113
108 112 94
108 94 47
109 105 94
109 48 94
105 112 94
94 48 47
46 108 111
46 108 47
105 112 96
114 5 98
97 111 102
97 111 45
44 45 97
109 105 9
103 110 30
107 103 106
107 29 103
103 30 29
45 111 46
105 8 9
115 98 6
6 98 5
107 29 28
27 107 28
7 115 6
141 43 4
31 141 4
140 36 1
14 140 1
48 139 2
139 10 2
127 116 124
116 124 117
126 125 116
130 116 125
127 116 126
130 116 117
123 125 126
33 125 123
126 136 123
136 121 123
121 32 123
32 123 33
124 122 127
124 137 122
124 137 120
117 124 120
34 130 125
33 125 34
127 118 126
118 129 126
129 136 126
122 127 118
128 129 118
142 129 128
118 134 128
131 128 134
131 47 128
46 142 128
47 128 46
129 136 135
129 135 142
118 134 122
134 131 119
134 119 122
138 122 137
12 138 137
138 122 119
138 11 119
12 138 11
13 137 120
137 12 13
120 133 140
133 140 36
14 140 120
139 131 119
139 131 48
131 47 48
139 10 119
135 132 136
132 136 121
44 132 135
132 141 121
132 141 43
44 132 43
130 117 133
130 133 35
34 130 35
142 135 45
135 44 45
133 117 120
133 36 35
31 141 121
46 142 45
119 10 11
31 121 32
120 13 14
4 42 165
165 4 30
0 166 24
0 25 166
3 20 160
160 3 37
146 143 154
146 143 167
154 146 152
152 146 164
164 146 162
162 167 146
145 143 148
148 166 145
167 143 148
148 166 24
23 148 167
23 24 148
145 149 143
145 26 149
25 145 166
145 26 25
158 157 156
157 29 156
158 150 157
150 161 157
28 157 161
28 29 157
147 153 158
147 153 151
158 147 163
163 147 41
147 40 151
147 40 41
158 150 153
154 152 153
153 152 151
154 150 153
149 150 143
149 150 161
149 27 161
26 27 149
158 163 156
165 163 156
156 30 165
156 30 29
144 164 159
38 144 159
152 164 159
151 159 152
151 39 159
159 38 39
144 155 164
144 160 155
144 37 160
38 37 144
154 150 143
155 164 162
155 21 162
20 155 160
20 21 155
161 28 27
42 163 165
162 22 167
21 22 162
167 23 22
163 41 42
151 39 40
4 193 42
4 31 193
1 191 36
1 15 191
3 192 19
37 3 192
174 186 169
169 179 174
171 174 190
171 174 186
189 190 174
174 176 189
179 176 174
180 169 186
180 169 181
178 169 181
178 179 169
172 170 185
172 176 170
191 172 185
191 172 15
172 189 176
172 16 189
15 16 172
170 168 182
176 170 168
177 182 168
178 168 179
179 176 168
178 168 177
173 184 193
193 173 31
173 188 184
175 188 173
173 175 32
173 32 31
170 185 182
171 192 183
171 19 192
190 171 18
183 171 186
18 19 171
194 187 181
40 187 194
180 194 181
180 39 194
194 40 39
193 42 184
37 183 192
191 36 185
189 17 190
190 18 17
16 17 189
188 187 184
188 187 181
181 178 188
175 178 188
187 41 184
41 40 187
183 186 180
35 185 182
35 36 185
184 42 41
183 180 38
38 37 183
177 34 182
182 35 34
180 39 38
175 178 177
175 33 177
177 34 33
175 33 32
261 271 272
271 272 277
272 277 261
277 261 271
271 272 279
271 279 261
279 261 272
217 233 203
233 203 273
203 273 217
273 217 233
217 229 203
229 203 233
217 233 229
203 217 249
203 249 273
249 273 217
229 238 206
238 206 262
206 262 229
262 229 238
227 235 196
235 196 264
196 264 227
264 227 235
212 218 165
218 165 232
165 232 212
232 212 218
200 233 246
233 246 271
246 271 200
271 200 233
200 233 217
217 233 246
217 246 200
244 245 210
245 210 284
210 284 244
284 244 245
261 234 272
234 272 279
279 261 234
218 225 165
225 165 232
232 218 225
182 219 206
219 206 238
238 206 182
238 182 219
246 239 260
239 260 271
260 271 246
246 271 239
233 229 273
229 273 203
246 200 260
260 271 200
245 253 249
253 249 273
249 273 245
273 245 253
230 225 255
225 255 269
255 269 230
269 230 225
197 225 218
218 225 236
218 236 197
236 197 225
246 239 269
246 269 271
269 271 239
235 210 245
284 245 235
284 235 210
249 217 233
249 233 273
260 200 247
260 247 271
247 271 200
212 249 245
245 253 212
253 212 249
208 221 209
221 209 237
209 237 208
237 208 221
269 271 275
269 275 239
275 239 271
247 200 233
247 233 271
235 248 196
248 196 264
264 235 248
162 231 216
231 216 240
216 240 162
240 162 231
181 210 244
244 245 181
245 181 210
200 223 217
223 217 233
200 233 223
249 269 246
246 271 249
271 249 269
257 279 277
279 277 281
277 281 257
281 257 279
196 214 248
214 248 278
248 278 196
278 196 214
242 278 234
278 234 285
234 285 242
285 242 278
202 120 243
120 243 259
243 259 202
259 202 120
249 233 271
271 249 217
271 217 233
246 239 230
246 230 269
269 230 239
246 249 195
249 195 269
195 269 246
277 261 257
257 279 261
279 261 277
232 269 249
271 249 232
271 232 269
271 217 246
236 197 158
236 158 263
158 263 197
263 197 236
235 196 289
235 289 227
289 227 196
202 125 223
125 223 233
233 223 202
233 202 125
125 229 217
217 233 125
233 125 229
243 254 202
254 202 259
243 259 254
271 279 277
271 249 273
271 273 233
86 215 243
215 243 259
243 259 86
259 86 215
272 275 271
275 271 279
279 272 275
246 200 239
239 260 200
232 272 271
271 272 273
271 273 232
273 232 272
34 206 229
229 238 34
238 34 206
248 196 270
248 270 278
270 278 196
205 234 242
242 278 205
278 205 234
234 275 272
279 234 275
229 34 219
229 219 238
238 219 34
239 241 208
241 208 282
208 282 239
282 239 241
120 219 202
219 202 243
120 243 219
140 219 120
120 243 140
243 140 219
47 209 208
208 221 47
221 47 209
215 254 243
259 215 254
265 278 242
285 242 265
285 265 278
271 279 281
271 281 277
249 273 232
251 279 257
281 257 251
281 251 279
232 218 236
236 225 232
232 195 249
232 269 195
236 158 201
236 201 263
201 263 158
197 255 225
225 255 285
225 285 197
285 197 255
244 181 199
244 199 245
199 245 181
172 224 206
224 206 227
206 227 172
227 172 224
185 206 219
219 206 227
219 227 185
227 185 206
212 203 245
203 245 249
212 249 203
103 230 225
225 255 103
255 103 230
218 197 158
218 158 236
233 223 247
247 200 223
249 217 246
206 235 224
235 224 283
224 283 206
283 206 235
269 225 285
285 255 269
260 271 279
271 279 239
279 239 260
235 244 210
284 235 244
140 79 219
79 219 243
243 140 79
210 224 190
224 190 264
190 264 210
264 210 224
218 158 201
218 201 236
164 162 231
164 231 240
240 162 164
216 162 164
216 164 240
279 260 247
279 247 271
213 267 241
267 241 286
241 286 213
286 213 267
216 240 214
240 214 265
214 265 216
265 216 240
202 229 125
233 202 229
235 244 248
235 248 210
248 210 244
242 205 265
265 278 205
243 254 281
243 281 202
281 202 254
205 216 265
265 216 288
265 288 205
288 205 216
199 212 245
245 253 199
253 199 212
213 234 198
234 198 282
198 282 213
282 213 234
69 214 216
216 240 69
240 69 214
203 273 245
216 69 231
240 231 69
195 212 165
165 232 195
232 195 212
243 86 120
259 120 86
200 209 223
209 223 247
247 200 209
201 207 152
207 152 240
152 240 201
240 201 207
230 239 44
239 44 246
44 246 230
169 210 245
245 210 283
245 283 169
283 169 210
196 261 59
261 59 278
59 278 196
278 196 261
235 248 284
248 284 244
146 216 201
216 201 240
240 201 146
240 146 216
227 224 235
206 235 227
264 227 224
264 224 235
52 227 196
196 264 52
264 52 227
50 261 205
261 205 278
278 205 50
278 50 261
206 262 34
262 34 229
216 164 146
240 146 164
59 196 214
59 214 278
34 182 219
238 182 34
281 254 215
281 215 243
141 246 217
249 217 141
249 141 246
165 195 225
232 225 195
282 241 286
241 286 208
286 208 282
101 208 239
239 241 101
241 101 208
240 207 250
240 250 201
250 201 207
206 182 34
126 217 223
233 223 126
233 126 217
141 195 246
249 141 195
210 220 186
220 186 244
186 244 210
210 244 220
211 226 222
226 222 242
222 242 211
242 211 226
68 216 162
162 231 68
231 68 216
219 202 229
229 238 202
238 202 219
283 210 235
283 235 245
171 220 210
210 220 264
264 210 171
264 171 220
222 242 280
222 280 211
280 211 242
206 227 238
238 219 227
89 221 251
221 251 287
251 287 89
287 89 221
198 261 257
257 279 198
279 198 261
157 218 197
197 225 157
225 157 218
257 198 251
251 279 198
269 275 230
275 230 239
109 221 208
208 221 252
208 252 109
252 109 221
284 244 199
284 199 245
273 272 277
277 271 273
249 232 253
273 253 232
204 241 239
239 241 275
275 239 204
275 204 241
272 277 278
272 278 261
278 261 277
47 48 208
208 221 48
221 48 47
49 205 214
205 214 278
278 214 49
278 49 205
206 235 238
238 227 235
106 230 103
255 103 106
255 106 230
220 214 240
240 214 274
240 274 220
274 220 214
209 237 260
209 260 208
260 208 237
60 213 228
213 228 234
228 234 60
234 60 213
230 204 239
275 230 204
60 198 213
234 60 198
255 230 204
255 204 275
275 230 255
67 216 214
214 265 67
265 67 216
219 185 191
219 191 227
191 227 185
236 225 285
225 285 232
285 232 236
239 101 204
204 241 101
79 227 219
219 227 243
243 79 227
197 107 225
107 225 255
197 255 107
238 235 289
238 289 227
161 211 197
211 197 263
263 197 161
263 161 211
243 202 238
243 238 281
238 281 202
226 228 222
228 222 276
222 276 226
276 226 228
226 228 268
226 268 222
268 222 228
268 228 276
268 276 222
253 232 272
253 272 273
275 241 282
282 239 275
164 146 201
240 201 164
188 199 212
245 212 188
245 188 199
69 68 216
231 68 69
263 197 280
263 280 211
280 211 197
235 224 210
283 210 224
238 202 233
238 233 281
233 281 202
244 220 248
248 210 220
240 220 244
240 244 274
244 274 220
219 202 130
219 130 229
130 229 202
278 234 272
272 278 285
272 285 234
222 242 276
242 276 226
185 172 206
227 185 172
152 164 207
240 207 164
240 164 152
271 272 269
272 269 275
208 252 286
286 208 109
286 109 252
279 247 281
247 281 271
232 212 253
253 212 218
253 218 232
49 59 261
278 261 49
278 49 59
240 220 207
240 207 244
207 244 220
225 195 230
269 230 195
195 269 225
285 236 197
48 209 47
221 48 209
126 217 200
200 223 126
206 182 262
182 262 34
196 227 243
243 227 289
243 289 196
126 125 217
233 126 125
140 120 79
120 79 243
279 234 198
279 198 282
282 234 279
248 220 264
264 248 210
261 49 50
278 50 49
218 236 250
218 250 201
250 201 236
251 247 279
281 251 247
280 242 263
263 280 285
263 285 242
285 242 280
248 220 214
214 248 274
274 220 248
250 236 240
240 250 274
240 274 236
274 236 250
166 226 211
211 226 266
211 266 166
266 166 226
285 280 197
285 197 263
236 253 250
253 250 274
274 236 253
159 207 201
250 201 159
250 159 207
229 203 262
262 229 273
262 273 203
270 196 261
270 261 278
208 48 109
109 221 48
214 49 59
237 208 252
252 221 237
176 206 224
224 283 176
283 176 206
242 226 228
242 228 276
210 171 190
190 264 171
212 188 203
203 245 188
50 49 205
282 241 213
282 213 286
32 203 217
217 229 32
229 32 203
273 253 284
273 284 245
284 245 253
266 226 288
226 288 211
288 211 266
219 130 35
219 35 229
35 229 130
272 277 270
277 270 278
270 278 272
235 248 270
235 270 196
240 201 236
236 253 218
253 218 250
255 269 275
241 268 213
268 213 276
213 276 241
276 241 268
263 211 242
198 213 252
198 252 282
252 282 213
270 261 277
270 196 289
270 289 235
116 202 125
125 223 116
223 116 202
223 126 125
275 241 276
275 276 204
276 204 241
288 266 166
288 166 226
240 201 256
240 256 216
256 216 201
279 275 239
213 234 276
213 276 282
276 282 234
207 164 231
207 231 240
233 223 281
223 281 202
223 202 254
223 254 281
181 210 169
169 210 244
169 244 181
214 67 205
205 214 265
265 205 67
236 232 253
201 164 152
165 212 163
212 163 218
163 218 165
234 242 276
276 234 285
276 285 242
272 275 285
275 285 234
284 253 272
284 272 273
214 231 220
231 220 240
240 214 231
242 226 288
242 288 211
89 221 88
221 88 251
88 251 89
224 176 210
283 210 176
221 251 252
252 221 88
252 88 251
244 199 274
244 274 284
274 284 199
244 199 250
244 250 274
274 250 199
274 250 284
250 284 199
233 229 238
245 181 169
243 196 61
243 61 257
61 257 196
257 196 243
34 35 219
219 35 182
118 200 209
209 223 118
223 118 200
229 238 273
273 233 238
275 255 276
255 276 204
80 252 109
286 109 80
286 80 252
213 276 228
276 228 234
80 221 109
80 252 221
250 199 253
253 250 284
284 253 199
232 272 269
47 209 260
47 260 208
213 228 268
67 69 214
67 216 69
274 253 284
273 245 235
273 235 284
240 236 265
265 240 274
265 274 236
272 285 269
285 269 275
162 146 216
133 202 120
120 219 133
219 133 202
94 109 208
208 48 94
188 187 199
199 212 187
212 187 188
245 262 235
262 235 273
273 245 262
146 216 256
146 256 201
90 234 205
205 234 261
261 205 90
261 90 234
278 234 261
194 199 181
244 181 194
244 194 199
242 265 288
242 288 205
247 209 260
260 200 209
183 186 220
244 220 183
244 183 186
171 186 210
171 220 186
88 198 251
251 198 252
252 88 198
76 227 52
264 52 76
264 76 227
191 172 227
62 231 214
240 214 62
240 62 231
205 67 216
96 208 241
241 286 96
286 96 208
273 238 262
150 197 158
158 263 150
263 150 197
240 244 250
250 207 244
106 204 230
255 106 204
26 222 211
211 226 26
226 26 222
229 34 35
248 244 274
242 265 256
265 256 288
256 288 242
226 288 228
288 228 242
274 248 278
278 214 274
242 211 266
242 266 288
152 201 159
159 207 152
245 181 283
181 283 169
176 206 172
172 224 176
251 247 209
251 209 254
209 254 247
254 247 251
242 276 280
276 280 222
254 251 287
251 287 209
287 209 254
108 239 208
208 239 260
260 208 108
260 108 239
243 219 238
288 205 67
288 67 216
196 227 84
227 84 243
84 243 196
265 256 216
288 216 256
45 239 200
246 200 45
246 45 239
120 86 79
86 79 243
165 4 195
195 212 4
212 4 165
204 222 241
222 241 255
241 255 204
255 204 222
163 218 225
163 225 165
232 212 249
205 234 228
228 234 242
242 228 205
77 215 86
259 86 77
259 77 215
198 85 251
85 251 257
257 198 85
202 120 117
202 117 259
117 259 120
273 272 270
273 270 277
255 222 276
222 276 241
276 241 255
234 275 276
275 276 285
123 217 125
125 229 123
229 123 217
279 198 252
279 252 282
231 220 207
78 191 219
219 227 78
227 78 191
251 89 85
85 251 287
85 287 89
232 225 269
285 269 232
243 227 238
284 272 270
284 270 273
265 236 242
285 242 236
285 236 265
230 195 246
230 195 95
230 95 246
95 246 195
236 272 253
253 272 274
274 236 272
158 197 157
157 218 158
54 220 171
264 171 54
264 54 220
257 243 289
257 289 196
209 254 223
223 254 247
195 212 249
249 195 4
249 4 212
242 236 263
263 236 265
263 265 242
62 69 231
240 62 69
268 222 241
274 248 270
274 270 278
225 103 107
255 107 103
26 222 280
26 280 211
218 199 250
253 218 199
59 214 248
59 248 196
256 263 201
201 263 265
201 265 256
265 256 263
265 236 201
65 190 224
264 224 65
264 65 190
132 141 217
132 217 246
141 246 132
158 150 201
201 263 150
240 201 265
70 220 214
214 231 70
231 70 220
238 235 262
273 238 235
267 241 113
267 113 286
113 286 241
214 62 69
90 228 205
90 234 228
265 240 256
29 197 107
107 225 29
225 29 197
250 201 152
250 152 159
215 251 85
257 85 215
257 215 251
82 213 198
198 252 82
252 82 213
149 161 211
149 211 263
263 161 149
162 68 155
155 162 231
155 231 68
234 60 90
261 90 60
261 60 234
219 78 79
79 227 78
248 196 52
248 52 264
260 247 237
260 237 279
237 279 247
251 287 215
287 215 85
261 60 198
198 261 234
157 156 218
156 218 225
225 157 156
239 237 279
237 279 282
282 279 239
282 239 237
126 136 200
136 200 217
126 217 136
193 212 4
249 4 193
249 193 212
166 74 226
74 226 288
288 166 74
47 94 208
40 218 199
250 199 40
250 40 218
254 251 215
215 254 287
172 170 206
170 206 185
133 117 202
276 241 282
282 275 276
61 196 84
84 243 61
229 34 130
264 235 210
277 270 196
277 196 261
252 237 198
279 198 237
237 279 252
76 224 227
264 76 224
66 224 172
227 172 66
227 66 224
257 196 261
277 196 257
273 235 289
273 289 238
288 228 205
275 285 255
285 255 276
214 265 278
155 68 51
155 51 231
51 231 68
276 285 280
213 267 268
241 268 267
78 191 36
191 36 219
36 219 78
203 245 262
176 206 170
44 97 230
230 239 97
239 97 44
254 251 281
281 251 215
134 254 209
209 254 258
209 258 134
258 134 254
41 218 212
253 212 41
253 41 218
282 237 252
274 248 284
65 171 190
264 65 171
41 199 218
253 41 199
79 84 227
243 79 84
228 60 90
59 50 261
44 45 239
246 45 44
273 235 270
284 270 235
266 166 74
266 74 288
244 199 39
244 39 250
39 250 199
220 183 207
207 244 183
173 203 188
212 188 173
212 173 203
188 184 212
212 187 184
245 262 283
283 235 262
112 96 208
112 208 286
286 96 112
92 106 204
92 204 255
255 106 92
212 41 199
236 278 265
285 236 278
128 209 200
260 200 128
260 128 209
120 13 86
13 86 259
259 120 13
236 272 278
285 236 272
88 198 85
85 251 88
258 254 287
287 209 258
239 237 260
92 204 230
92 230 106
256 201 154
256 154 263
154 263 201
53 252 80
286 80 53
286 53 252
43 195 95
95 246 43
246 43 195
48 131 209
131 209 221
221 48 131
263 242 256
102 101 204
102 204 239
239 101 102
236 272 232
152 146 201
259 13 77
238 289 243
225 195 103
103 230 195
211 166 145
211 145 266
145 266 166
239 260 282
208 282 260
282 275 234
270 289 273
77 258 215
258 215 259
259 77 258
255 107 106
233 277 271
271 281 233
233 281 277
223 126 116
244 39 207
250 207 39
217 141 121
217 121 249
121 249 141
279 275 282
123 217 126
179 176 210
283 210 179
283 179 176
238 281 289
281 289 243
101 208 111
208 111 239
111 239 101
118 200 128
128 209 118
265 236 272
265 272 274
140 219 133
217 32 123
229 123 32
255 280 276
285 255 280
195 4 31
195 31 249
31 249 4
77 258 287
77 287 215
287 215 258
171 220 183
260 237 282
208 94 286
94 286 109
263 236 285
45 239 260
45 260 200
238 289 233
289 233 281
27 197 211
280 211 27
280 27 197
180 181 244
180 244 194
251 209 221
287 221 209
140 36 79
79 219 36
36 219 140
31 193 249
153 201 158
218 158 153
218 153 201
159 207 164
70 248 220
264 220 70
264 70 248
138 258 77
259 77 138
259 138 258
208 111 108
108 239 111
79 36 78
185 206 182
182 219 185
287 221 131
287 131 209
104 101 204
204 241 104
241 104 101
30 195 165
225 165 30
225 30 195
242 211 256
256 242 266
256 266 211
265 272 278
166 226 145
226 145 211
32 33 203
33 203 229
229 32 33
206 262 235
283 206 262
277 281 289
289 233 277
39 199 194
244 194 39
100 222 255
255 222 280
255 280 100
280 100 222
221 131 139
221 139 287
139 287 131
143 256 211
256 211 263
263 211 143
263 143 256
247 281 233
233 277 273
147 201 218
218 250 147
250 147 201
100 222 204
255 204 100
174 190 210
210 224 174
224 174 190
245 188 187
245 187 199
265 274 278
272 278 274
207 220 37
220 37 231
37 231 207
21 68 155
155 51 21
82 60 198
82 213 60
274 214 265
100 222 241
100 241 204
280 197 255
232 272 285
237 221 251
251 209 237
210 174 176
224 176 174
27 197 161
161 211 27
222 267 241
268 222 267
162 68 21
103 110 195
110 195 230
103 230 110
200 126 129
200 129 223
129 223 126
203 249 32
249 32 217
69 51 231
169 210 180
210 180 244
180 244 169
141 195 132
195 132 246
209 254 118
254 118 223
213 113 267
286 213 113
143 256 266
143 266 211
200 128 142
200 142 260
142 260 128
81 61 243
257 243 81
257 81 61
110 195 225
110 225 103
154 201 146
146 256 154
217 246 136
246 136 200
247 223 281
65 54 171
264 65 54
146 167 216
256 216 167
256 167 146
280 197 107
280 107 255
53 252 55
252 55 80
260 108 111
260 111 239
31 141 195
249 141 31
223 116 254
116 254 202
55 221 80
252 55 221
60 73 213
213 228 73
228 73 60
212 173 249
173 249 203
245 262 178
262 178 283
178 283 245
1 78 36
78 191 1
254 247 281
93 26 222
93 222 226
226 26 93
210 180 186
186 244 180
152 201 151
201 151 250
151 250 152
131 47 209
251 198 237
251 237 279
273 238 277
233 277 238
257 243 281
281 289 257
277 257 289
289 277 196
208 282 237
78 172 191
227 78 172
114 5 226
114 226 268
226 268 5
268 5 114
90 50 205
50 261 90
42 165 212
212 4 42
77 13 137
13 137 259
137 259 77
207 183 38
207 38 244
38 244 183
57 196 257
257 261 57
261 57 196
277 238 289
252 237 251
175 245 203
262 203 175
262 175 245
100 104 222
222 241 104
241 104 100
262 229 33
262 33 203
256 216 266
216 266 167
266 167 256
87 119 221
119 221 287
287 221 87
287 87 119
230 97 204
239 204 97
241 96 113
113 286 96
221 87 83
221 83 287
83 287 87
96 208 101
241 101 96
195 132 43
246 43 132
213 267 71
267 71 268
71 268 213
46 47 209
209 260 46
260 46 47
177 262 168
262 168 283
168 283 177
283 177 262
258 215 254
258 254 259
164 231 155
25 211 145
226 145 25
226 25 211
262 168 206
283 206 168
118 134 209
134 254 118
212 42 163
225 103 29
101 208 108
54 192 171
171 192 220
54 220 192
37 207 183
220 183 37
70 248 214
214 62 67
79 36 1
208 108 47
47 260 108
118 129 200
223 118 129
230 95 44
44 246 95
199 181 187
245 187 181
39 159 207
250 159 39
112 208 101
256 288 266
84 196 52
52 227 84
70 220 54
264 54 70
87 119 139
119 139 221
221 139 87
252 282 286
286 252 213
252 282 208
199 187 41
212 41 187
64 228 226
226 288 64
288 64 228
141 195 43
95 195 110
230 110 95
63 220 70
231 70 63
231 63 220
287 119 139
219 35 185
259 120 137
248 284 270
284 270 274
49 205 67
214 67 49
156 218 158
281 257 215
212 173 193
249 193 173
110 30 195
225 30 110
286 252 82
286 82 213
68 167 162
162 167 216
68 216 167
222 104 91
222 91 241
91 241 104
107 28 197
280 197 28
280 28 107
244 183 180
287 209 134
287 134 258
150 157 197
207 38 39
244 39 38
166 226 25
153 201 150
70 59 214
70 248 59
175 178 245
262 175 178
204 104 100
144 164 207
207 231 144
231 144 164
196 52 58
196 58 248
58 248 52
135 200 136
246 136 135
246 135 200
83 77 258
287 258 83
83 287 77
50 261 60
151 159 250
147 201 153
218 153 147
31 121 249
78 66 172
227 78 66
213 113 71
71 213 286
71 286 113
226 5 56
226 56 268
56 268 5
137 138 77
137 259 138
68 22 167
22 167 216
68 216 22
267 113 71
58 248 264
58 264 52
207 144 37
37 231 144
119 10 87
10 87 139
214 70 62
62 231 70
44 246 43
129 136 200
64 205 228
288 64 205
268 213 73
268 73 228
143 154 256
263 143 154
210 171 174
226 93 268
93 268 222
153 201 250
250 147 153
140 79 1
109 48 80
80 221 48
239 97 45
63 37 220
231 63 37
212 184 173
147 40 218
250 40 147
201 151 153
250 153 151
178 177 262
283 177 178
121 32 217
249 32 121
156 163 218
225 156 163
83 215 77
83 287 215
220 192 183
209 46 128
260 128 46
123 33 229
84 243 81
198 82 88
252 88 82
177 229 34
262 34 177
177 262 229
268 228 64
268 64 226
124 202 254
259 254 124
259 124 202
210 174 179
26 99 222
222 280 99
280 99 26
138 83 77
138 258 83
33 177 203
177 203 262
262 33 177
227 84 78
267 241 96
267 96 113
65 190 18
65 18 171
124 202 116
116 254 124
237 247 209
204 97 102
239 102 97
59 196 57
261 57 59
180 244 39
182 262 177
196 58 59
59 248 58
199 40 39
39 250 40
195 4 141
211 143 149
263 149 143
252 82 53
286 53 82
197 161 150
263 150 161
102 111 239
200 45 135
246 135 45
198 85 57
198 57 257
257 57 85
63 37 192
37 192 220
220 192 63
107 92 255
41 184 212
254 118 258
258 134 118
61 196 52
272 278 284
278 284 270
128 129 200
29 197 28
30 195 4
61 57 196
61 257 57
257 215 243
260 46 108
41 199 40
40 218 41
163 41 212
41 218 163
142 260 46
31 249 173
198 57 60
261 60 57
261 57 198
89 83 221
287 89 83
48 2 80
80 221 2
221 2 48
255 100 107
280 107 100
132 121 217
127 116 223
223 254 127
254 127 116
245 181 178
178 283 181
202 117 124
259 124 117
217 136 132
246 132 136
172 189 224
189 224 176
130 202 133
219 133 130
221 48 139
225 156 165
277 273 289
270 289 277
38 244 180
284 272 274
274 284 278
66 189 172
66 224 189
38 37 207
229 33 177
211 145 143
143 266 145
89 221 55
252 55 89
252 89 221
102 204 104
87 83 119
83 119 287
54 63 192
54 220 63
211 26 25
226 25 26
243 86 84
45 111 239
260 111 45
22 75 216
68 216 75
143 256 167
266 167 143
245 188 181
203 188 175
175 245 188
287 119 131
197 28 27
280 27 28
162 22 68
251 237 247
146 143 256
200 142 45
45 260 142
178 168 283
64 72 226
72 226 268
268 64 72
246 132 135
47 128 209
91 267 222
268 222 91
268 91 267
166 74 56
74 56 226
226 56 166
53 82 213
53 213 286
177 182 206
206 262 177
149 211 27
107 204 92
255 107 204
63 160 37
160 37 231
231 63 160
98 226 114
268 114 98
268 98 226
213 73 72
213 72 268
268 72 73
75 67 216
216 75 288
288 67 75
18 54 171
231 160 144
10 83 119
221 2 139
202 125 130
130 229 125
99 100 222
280 100 99
209 134 131
287 131 134
86 81 215
215 243 81
243 81 86
85 215 83
83 287 85
219 185 36
213 72 71
71 268 72
151 39 250
206 168 176
283 176 168
72 71 267
268 267 72
173 32 203
173 249 32
226 56 72
268 72 56
252 89 88
203 175 177
177 262 175
257 215 81
201 150 154
154 263 150
260 46 111
52 59 196
2 87 139
221 2 87
149 150 263
211 27 26
26 280 27
0 166 226
0 226 25
22 75 167
75 167 216
206 177 168
205 90 64
288 64 90
288 90 205
205 67 90
288 90 67
193 212 42
105 112 286
286 96 105
92 204 97
230 97 92
254 127 124
55 88 252
24 74 166
266 166 24
266 24 74
70 248 58
100 91 222
249 32 31
122 254 118
258 118 122
258 122 254
80 9 109
286 109 9
286 9 80
54 58 264
58 264 70
216 75 266
75 266 167
142 129 200
103 230 95
65 190 17
17 190 224
17 224 65
151 250 40
90 228 64
259 124 120
239 97 111
186 210 174
268 72 5
87 80 221
57 50 261
91 267 241
216 266 288
288 75 266
189 224 174
63 62 231
225 30 103
15 78 172
15 191 78
69 75 216
98 93 226
268 98 93
74 64 226
288 74 64
27 107 280
76 224 66
227 66 76
286 9 53
72 73 228
72 228 268
268 5 98
71 53 213
286 53 71
88 60 198
105 208 112
286 105 208
159 144 207
51 231 62
45 260 46
12 138 77
12 77 137
14 120 79
120 86 14
231 144 155
219 133 35
135 44 246
57 88 198
105 94 208
286 105 94
258 134 122
66 16 172
66 189 16
58 264 76
214 62 49
172 66 15
91 98 222
268 222 98
268 98 91
250 147 151
221 87 89
71 73 213
224 190 189
189 224 17
14 140 79
204 100 107
56 166 0
56 0 226
214 49 70
82 213 73
224 65 76
264 76 65
263 143 150
114 5 56
114 56 226
138 258 287
138 287 83
83 11 138
138 287 11
287 11 83
222 98 93
241 104 96
197 157 29
225 29 157
138 119 287
287 119 11
59 196 61
109 80 2
188 178 245
25 93 226
98 267 91
268 98 267
138 119 258
287 258 119
169 210 186
64 228 72
114 93 226
228 73 90
212 42 41
43 195 110
229 33 34
75 74 266
266 24 75
266 24 23
266 23 75
241 96 91
91 267 96
252 82 55
7 71 267
7 267 72
184 193 212
215 81 85
257 85 81
280 107 99
207 144 38
121 123 217
203 175 33
130 202 117
170 206 182
286 105 109
92 102 204
66 17 224
66 224 65
226 56 64
136 123 217
44 246 132
66 17 189
266 24 148
266 148 23
254 127 259
127 259 124
266 166 148
257 57 81
93 222 99
173 175 203
287 119 134
71 82 213
0 114 226
114 226 25
63 3 192
63 37 3
54 192 19
171 19 54
51 231 63
85 77 215
208 108 94
211 26 145
72 7 115
7 115 267
115 267 72
218 147 41
197 161 157
138 83 12
110 4 195
94 112 208
71 113 8
71 8 286
8 286 113
145 149 211
207 38 159
280 27 99
75 167 23
266 23 167
288 75 74
108 112 208
288 64 67
178 283 169
266 148 167
20 160 231
20 231 155
155 231 160
199 40 194
230 95 97
148 145 266
116 202 130
206 182 168
64 228 73
229 34 125
283 179 168
125 229 33
105 113 286
7 71 113
267 113 7
20 160 63
231 63 20
192 19 63
11 119 83
154 201 152
197 28 161
153 201 154
152 201 153
115 267 268
115 268 72
223 126 127
135 200 129
63 160 3
36 219 133
20 155 51
20 51 231
217 136 121
163 218 158
56 0 114
222 91 93
143 266 148
99 91 222
127 118 223
254 118 127
134 128 209
115 6 72
56 166 24
122 127 254
195 4 43
258 119 134
218 158 147
58 264 65
113 115 267
267 113 91
91 267 115
197 157 28
227 78 76
35 36 219
32 175 203
223 118 126
163 147 218
131 128 209
76 84 227
5 72 98
72 98 268
100 92 204
55 221 87
259 124 137
225 29 156
77 215 81
258 119 122
286 53 8
288 74 67
67 50 205
116 117 202
170 168 206
286 105 9
115 268 6
268 6 72
225 156 30
138 122 258
115 98 268
268 98 6
102 204 100
8 286 105
178 179 283
283 179 169
230 97 106
259 138 122
259 122 258
194 199 187
169 210 174
26 149 211
8 286 9
122 254 259
259 122 127
137 122 259
259 124 122
212 42 184
6 72 98
169 179 210
225 29 30
98 267 115
199 187 40
106 230 95
142 135 200
356 366 367
366 367 372
367 372 356
372 356 366
366 367 374
366 374 356
374 356 367
312 328 298
328 298 368
298 368 312
368 312 328
312 324 298
324 298 328
312 328 324
298 312 344
298 344 368
344 368 312
324 333 301
333 301 357
301 357 324
357 324 333
322 330 291
330 291 359
291 359 322
359 322 330
307 313 165
313 165 327
165 327 307
327 307 313
295 328 341
328 341 366
341 366 295
366 295 328
295 328 312
312 328 341
312 341 295
339 340 305
340 305 379
305 379 339
379 339 340
356 329 367
329 367 374
374 356 329
313 320 165
320 165 327
327 313 320
182 314 301
314 301 333
333 301 182
333 182 314
341 334 355
334 355 366
355 366 341
341 366 334
328 324 368
324 368 298
341 295 355
355 366 295
340 348 344
348 344 368
344 368 340
368 340 348
325 320 350
320 350 364
350 364 325
364 325 320
292 320 313
313 320 331
313 331 292
331 292 320
341 334 364
341 364 366
364 366 334
330 305 340
379 340 330
379 330 305
344 312 328
344 328 368
355 295 342
355 342 366
342 366 295
307 344 340
340 348 307
348 307 344
303 316 304
316 304 332
304 332 303
332 303 316
364 366 370
364 370 334
370 334 366
342 295 328
342 328 366
330 343 291
343 291 359
359 330 343
162 326 311
326 311 335
311 335 162
335 162 326
181 305 339
339 340 181
340 181 305
295 318 312
318 312 328
295 328 318
344 364 341
341 366 344
366 344 364
352 374 372
374 372 376
372 376 352
376 352 374
291 309 343
309 343 373
343 373 291
373 291 309
337 373 329
373 329 380
329 380 337
380 337 373
297 120 338
120 338 354
338 354 297
354 297 120
344 328 366
366 344 312
366 312 328
341 334 325
341 325 364
364 325 334
341 344 290
344 290 364
290 364 341
372 356 352
352 374 356
374 356 372
327 364 344
366 344 327
366 327 364
366 312 341
331 292 158
331 158 358
158 358 292
358 292 331
330 291 384
330 384 322
384 322 291
297 125 318
125 318 328
328 318 297
328 297 125
125 324 312
312 328 125
328 125 324
338 349 297
349 297 354
338 354 349
366 374 372
366 344 368
366 368 328
86 310 338
310 338 354
338 354 86
354 86 310
367 370 366
370 366 374
374 367 370
341 295 334
334 355 295
327 367 366
366 367 368
366 368 327
368 327 367
34 301 324
324 333 34
333 34 301
343 291 365
343 365 373
365 373 291
300 329 337
337 373 300
373 300 329
329 370 367
374 329 370
324 34 314
324 314 333
333 314 34
334 336 303
336 303 377
303 377 334
377 334 336
120 314 297
314 297 338
120 338 314
140 314 120
120 338 140
338 140 314
47 304 303
303 316 47
316 47 304
310 349 338
354 310 349
360 373 337
380 337 360
380 360 373
366 374 376
366 376 372
344 368 327
346 374 352
376 352 346
376 346 374
327 313 331
331 320 327
327 290 344
327 364 290
331 158 296
331 296 358
296 358 158
292 350 320
320 350 380
320 380 292
380 292 350
339 181 294
339 294 340
294 340 181
172 319 301
319 301 322
301 322 172
322 172 319
185 301 314
314 301 322
314 322 185
322 185 301
307 298 340
298 340 344
307 344 298
103 325 320
320 350 103
350 103 325
313 292 158
313 158 331
328 318 342
342 295 318
344 312 341
301 330 319
330 319 378
319 378 301
378 301 330
364 320 380
380 350 364
355 366 374
366 374 334
374 334 355
330 339 305
379 330 339
140 79 314
79 314 338
338 140 79
305 319 190
319 190 359
190 359 305
359 305 319
313 158 296
313 296 331
164 162 326
164 326 335
335 162 164
311 162 164
311 164 335
374 355 342
374 342 366
308 362 336
362 336 381
336 381 308
381 308 362
311 335 309
335 309 360
309 360 311
360 311 335
297 324 125
328 297 324
330 339 343
330 343 305
343 305 339
337 300 360
360 373 300
338 349 376
338 376 297
376 297 349
300 311 360
360 311 383
360 383 300
383 300 311
294 307 340
340 348 294
348 294 307
308 329 293
329 293 377
293 377 308
377 308 329
69 309 311
311 335 69
335 69 309
298 368 340
311 69 326
335 326 69
290 307 165
165 327 290
327 290 307
338 86 120
354 120 86
295 304 318
304 318 342
342 295 304
296 302 152
302 152 335
152 335 296
335 296 302
325 334 44
334 44 341
44 341 325
169 305 340
340 305 378
340 378 169
378 169 305
291 356 59
356 59 373
59 373 291
373 291 356
330 343 379
343 379 339
146 311 296
311 296 335
335 296 146
335 146 311
322 319 330
301 330 322
359 322 319
359 319 330
52 322 291
291 359 52
359 52 322
50 356 300
356 300 373
373 300 50
373 50 356
301 357 34
357 34 324
311 164 146
335 146 164
59 291 309
59 309 373
34 182 314
333 182 34
376 349 310
376 310 338
141 341 312
344 312 141
344 141 341
165 290 320
327 320 290
377 336 381
336 381 303
381 303 377
101 303 334
334 336 101
336 101 303
335 302 345
335 345 296
345 296 302
301 182 34
126 312 318
328 318 126
328 126 312
141 290 341
344 141 290
305 315 186
315 186 339
186 339 305
305 339 315
306 321 317
321 317 337
317 337 306
337 306 321
68 311 162
162 326 68
326 68 311
314 297 324
324 333 297
333 297 314
378 305 330
378 330 340
171 315 305
305 315 359
359 305 171
359 171 315
317 337 375
317 375 306
375 306 337
301 322 333
333 314 322
89 316 346
316 346 382
346 382 89
382 89 316
293 356 352
352 374 293
374 293 356
157 313 292
292 320 157
320 157 313
352 293 346
346 374 293
364 370 325
370 325 334
109 316 303
303 316 347
303 347 109
347 109 316
379 339 294
379 294 340
368 367 372
372 366 368
344 327 348
368 348 327
299 336 334
334 336 370
370 334 299
370 299 336
367 372 373
367 373 356
373 356 372
47 48 303
303 316 48
316 48 47
49 300 309
300 309 373
373 309 49
373 49 300
301 330 333
333 322 330
106 325 103
350 103 106
350 106 325
315 309 335
335 309 369
335 369 315
369 315 309
304 332 355
304 355 303
355 303 332
60 308 323
308 323 329
323 329 60
329 60 308
325 299 334
370 325 299
60 293 308
329 60 293
350 325 299
350 299 370
370 325 350
67 311 309
309 360 67
360 67 311
314 185 191
314 191 322
191 322 185
331 320 380
320 380 327
380 327 331
334 101 299
299 336 101
79 322 314
314 322 338
338 79 322
292 107 320
107 320 350
292 350 107
333 330 384
333 384 322
161 306 292
306 292 358
358 292 161
358 161 306
338 297 333
338 333 376
333 376 297
321 323 317
323 317 371
317 371 321
371 321 323
321 323 363
321 363 317
363 317 323
363 323 371
363 371 317
348 327 367
348 367 368
370 336 377
377 334 370
164 146 296
335 296 164
188 294 307
340 307 188
340 188 294
69 68 311
326 68 69
358 292 375
358 375 306
375 306 292
330 319 305
378 305 319
333 297 328
333 328 376
328 376 297
339 315 343
343 305 315
335 315 339
335 339 369
339 369 315
314 297 130
314 130 324
130 324 297
373 329 367
367 373 380
367 380 329
317 337 371
337 371 321
185 172 301
322 185 172
152 164 302
335 302 164
335 164 152
366 367 364
367 364 370
303 347 381
381 303 109
381 109 347
374 342 376
342 376 366
327 307 348
348 307 313
348 313 327
49 59 356
373 356 49
373 49 59
335 315 302
335 302 339
302 339 315
320 290 325
364 325 290
290 364 320
380 331 292
48 304 47
316 48 304
126 312 295
295 318 126
301 182 357
182 357 34
291 322 338
338 322 384
338 384 291
126 125 312
328 126 125
120 79 338
374 329 293
374 293 377
377 329 374
343 315 359
359 343 305
356 49 50
373 50 49
313 331 345
313 345 296
345 296 331
346 342 374
376 346 342
375 337 358
358 375 380
358 380 337
380 337 375
343 315 309
309 343 369
369 315 343
345 331 335
335 345 369
335 369 331
369 331 345
166 321 306
306 321 361
306 361 166
361 166 321
380 375 292
380 292 358
331 348 345
348 345 369
369 331 348
159 302 296
345 296 159
345 159 302
324 298 357
357 324 368
357 368 298
365 291 356
365 356 373
303 48 109
109 316 48
309 49 59
332 303 347
347 316 332
176 301 319
319 378 176
378 176 301
337 321 323
337 323 371
305 171 190
190 359 171
307 188 298
298 340 188
50 49 300
377 336 308
377 308 381
32 298 312
312 324 32
324 32 298
368 348 379
368 379 340
379 340 348
361 321 383
321 383 306
383 306 361
314 130 35
314 35 324
35 324 130
367 372 365
372 365 373
365 373 367
330 343 365
330 365 291
335 296 331
331 348 313
348 313 345
350 364 370
336 363 308
363 308 371
308 371 336
371 336 363
358 306 337
293 308 347
293 347 377
347 377 308
365 356 372
365 291 384
365 384 330
116 297 125
125 318 116
318 116 297
318 126 125
370 336 371
370 371 299
371 299 336
383 361 166
383 166 321
335 296 351
335 351 311
351 311 296
374 370 334
308 329 371
308 371 377
371 377 329
302 164 326
302 326 335
328 318 376
318 376 297
318 297 349
318 349 376
181 305 169
169 305 339
169 339 181
309 67 300
300 309 360
360 300 67
331 327 348
296 164 152
165 307 163
307 163 313
163 313 165
329 337 371
371 329 380
371 380 337
367 370 380
370 380 329
379 348 367
379 367 368
309 326 315
326 315 335
335 309 326
337 321 383
337 383 306
89 316 88
316 88 346
88 346 89
319 176 305
378 305 176
316 346 347
347 316 88
347 88 346
339 294 369
339 369 379
369 379 294
339 294 345
339 345 369
369 345 294
369 345 379
345 379 294
328 324 333
340 181 169
338 291 61
338 61 352
61 352 291
352 291 338
34 35 314
314 35 182
118 295 304
304 318 118
318 118 295
324 333 368
368 328 333
370 350 371
350 371 299
80 347 109
381 109 80
381 80 347
308 371 323
371 323 329
80 316 109
80 347 316
345 294 348
348 345 379
379 348 294
327 367 364
47 304 355
47 355 303
308 323 363
67 69 309
67 311 69
369 348 379
368 340 330
368 330 379
335 331 360
360 335 369
360 369 331
367 380 364
380 364 370
162 146 311
133 297 120
120 314 133
314 133 297
94 109 303
303 48 94
188 187 294
294 307 187
307 187 188
340 357 330
357 330 368
368 340 357
146 311 351
146 351 296
90 329 300
300 329 356
356 300 90
356 90 329
373 329 356
194 294 181
339 181 194
339 194 294
337 360 383
337 383 300
342 304 355
355 295 304
183 186 315
339 315 183
339 183 186
171 186 305
171 315 186
88 293 346
346 293 347
347 88 293
76 322 52
359 52 76
359 76 322
191 172 322
62 326 309
335 309 62
335 62 326
300 67 311
96 303 336
336 381 96
381 96 303
368 333 357
150 292 158
158 358 150
358 150 292
335 339 345
345 302 339
106 299 325
350 106 299
26 317 306
306 321 26
321 26 317
324 34 35
343 339 369
337 360 351
360 351 383
351 383 337
321 383 323
383 323 337
369 343 373
373 309 369
337 306 361
337 361 383
152 296 159
159 302 152
340 181 378
181 378 169
176 301 172
172 319 176
346 342 304
346 304 349
304 349 342
349 342 346
337 371 375
371 375 317
349 346 382
346 382 304
382 304 349
108 334 303
303 334 355
355 303 108
355 108 334
338 314 333
383 300 67
383 67 311
291 322 84
322 84 338
84 338 291
360 351 311
383 311 351
45 334 295
341 295 45
341 45 334
86 79 338
165 4 290
290 307 4
307 4 165
299 317 336
317 336 350
336 350 299
350 299 317
163 313 320
163 320 165
327 307 344
300 329 323
323 329 337
337 323 300
77 310 86
354 86 77
354 77 310
293 85 346
85 346 352
352 293 85
297 120 117
297 117 354
117 354 120
368 367 365
368 365 372
350 317 371
317 371 336
371 336 350
329 370 371
370 371 380
123 312 125
125 324 123
324 123 312
374 293 347
374 347 377
326 315 302
78 191 314
314 322 78
322 78 191
346 89 85
85 346 382
85 382 89
327 320 364
380 364 327
338 322 333
379 367 365
379 365 368
360 331 337
380 337 331
380 331 360
325 290 341
325 290 95
325 95 341
95 341 290
331 367 348
348 367 369
369 331 367
158 292 157
157 313 158
54 315 171
359 171 54
359 54 315
352 338 384
352 384 291
304 349 318
318 349 342
290 307 344
344 290 4
344 4 307
337 331 358
358 331 360
358 360 337
62 69 326
335 62 69
363 317 336
369 343 365
369 365 373
320 103 107
350 107 103
26 317 375
26 375 306
313 294 345
348 313 294
59 309 343
59 343 291
351 358 296
296 358 360
296 360 351
360 351 358
360 331 296
65 190 319
359 319 65
359 65 190
132 141 312
132 312 341
141 341 132
158 150 296
296 358 150
335 296 360
70 315 309
309 326 70
326 70 315
333 330 357
368 333 330
362 336 113
362 113 381
113 381 336
309 62 69
90 323 300
90 329 323
360 335 351
29 292 107
107 320 29
320 29 292
345 296 152
345 152 159
310 346 85
352 85 310
352 310 346
82 308 293
293 347 82
347 82 308
149 161 306
149 306 358
358 161 149
155 162 326
155 326 68
329 60 90
356 90 60
356 60 329
314 78 79
79 322 78
343 291 52
343 52 359
355 342 332
355 332 374
332 374 342
346 382 310
382 310 85
356 60 293
293 356 329
157 156 313
156 313 320
320 157 156
334 332 374
332 374 377
377 374 334
377 334 332
126 136 295
136 295 312
126 312 136
193 307 4
344 4 193
344 193 307
166 74 321
74 321 383
383 166 74
47 94 303
40 313 294
345 294 40
345 40 313
349 346 310
310 349 382
172 170 301
170 301 185
133 117 297
371 336 377
377 370 371
61 291 84
84 338 61
324 34 130
359 330 305
372 365 291
372 291 356
347 332 293
374 293 332
332 374 347
76 319 322
359 76 319
66 319 172
322 172 66
322 66 319
352 291 356
372 291 352
368 330 384
368 384 333
383 323 300
370 380 350
380 350 371
309 360 373
155 51 326
51 326 68
371 380 375
308 362 363
336 363 362
191 36 314
36 314 78
298 340 357
176 301 170
44 97 325
325 334 97
334 97 44
349 346 376
376 346 310
134 349 304
304 349 353
304 353 134
353 134 349
41 313 307
348 307 41
348 41 313
377 332 347
369 343 379
359 65 171
41 294 313
348 41 294
79 84 322
338 79 84
323 60 90
59 50 356
44 45 334
341 45 44
368 330 365
379 365 330
361 166 74
361 74 383
339 294 39
339 39 345
39 345 294
315 183 302
302 339 183
173 298 188
307 188 173
307 173 298
188 184 307
307 187 184
340 357 378
378 330 357
112 96 303
112 303 381
381 96 112
92 106 299
92 299 350
350 106 92
307 41 294
331 373 360
380 331 373
128 304 295
355 295 128
355 128 304
13 86 354
354 120 13
331 367 373
380 331 367
88 293 85
85 346 88
353 349 382
382 304 353
334 332 355
92 299 325
92 325 106
351 296 154
351 154 358
154 358 296
53 347 80
381 80 53
381 53 347
43 290 95
95 341 43
341 43 290
48 131 304
131 304 316
316 48 131
358 337 351
102 101 299
102 299 334
334 101 102
331 367 327
152 146 296
354 13 77
333 384 338
320 290 103
103 325 290
306 166 145
306 145 361
145 361 166
334 355 377
303 377 355
377 370 329
365 384 368
77 353 310
353 310 354
354 77 353
350 107 106
328 372 366
366 376 328
328 376 372
318 126 116
339 39 302
345 302 39
312 141 121
312 121 344
121 344 141
374 370 377
123 312 126
179 176 305
378 305 179
378 179 176
333 376 384
376 384 338
101 303 111
303 111 334
111 334 101
118 295 128
128 304 118
360 331 367
360 367 369
140 314 133
312 32 123
324 123 32
350 375 371
380 350 375
290 4 31
290 31 344
31 344 4
77 353 382
77 382 310
382 310 353
171 315 183
355 332 377
303 94 381
94 381 109
358 331 380
45 334 355
45 355 295
333 384 328
384 328 376
27 292 306
375 306 27
375 27 292
180 181 339
180 339 194
346 304 316
382 316 304
79 314 36
36 314 140
31 193 344
153 296 158
313 158 153
313 153 296
159 302 164
70 343 315
359 315 70
359 70 343
138 353 77
354 77 138
354 138 353
303 111 108
108 334 111
185 301 182
182 314 185
382 316 131
382 131 304
104 101 299
299 336 104
336 104 101
30 290 165
320 165 30
320 30 290
337 306 351
351 337 361
351 361 306
360 367 373
166 321 145
321 145 306
32 33 298
33 298 324
324 32 33
301 357 330
378 301 357
372 376 384
384 328 372
39 294 194
339 194 39
100 317 350
350 317 375
350 375 100
375 100 317
316 131 139
316 139 382
139 382 131
143 351 306
351 306 358
358 306 143
358 143 351
342 376 328
328 372 368
147 296 313
313 345 147
345 147 296
100 317 299
350 299 100
174 190 305
305 319 174
319 174 190
340 188 187
340 187 294
360 369 373
367 373 369
302 315 37
315 37 326
37 326 302
82 60 293
82 308 60
369 309 360
100 317 336
100 336 299
375 292 350
327 367 380
332 316 346
346 304 332
305 174 176
319 176 174
27 292 161
161 306 27
317 362 336
363 317 362
103 110 290
110 290 325
103 325 110
295 126 129
295 129 318
129 318 126
298 344 32
344 32 312
69 51 326
169 305 180
305 180 339
180 339 169
141 290 132
290 132 341
304 349 118
349 118 318
308 113 362
381 308 113
143 351 361
143 361 306
295 128 142
295 142 355
142 355 128
81 61 338
352 338 81
352 81 61
110 290 320
110 320 103
154 296 146
146 351 154
312 341 136
341 136 295
342 318 376
359 65 54
146 167 311
351 311 167
351 167 146
375 292 107
375 107 350
53 347 55
347 55 80
355 108 111
355 111 334
31 141 290
344 141 31
318 116 349
116 349 297
55 316 80
347 55 316
60 73 308
308 323 73
323 73 60
307 173 344
173 344 298
340 357 178
357 178 378
178 378 340
349 342 376
93 26 317
93 317 321
321 26 93
305 180 186
186 339 180
152 296 151
296 151 345
151 345 152
131 47 304
346 293 332
346 332 374
368 333 372
328 372 333
352 338 376
376 384 352
372 352 384
384 372 291
303 377 332
322 78 172
114 5 321
114 321 363
321 363 5
363 5 114
90 50 300
50 356 90
42 165 307
307 4 42
13 137 354
137 354 77
302 183 38
302 38 339
38 339 183
57 291 352
352 356 57
356 57 291
372 333 384
347 332 346
175 340 298
357 298 175
357 175 340
100 104 317
317 336 104
336 104 100
357 324 33
357 33 298
351 311 361
311 361 167
361 167 351
87 119 316
119 316 382
382 316 87
382 87 119
325 97 299
334 299 97
336 96 113
113 381 96
316 87 83
316 83 382
83 382 87
96 303 101
336 101 96
290 132 43
341 43 132
308 362 71
362 71 363
71 363 308
46 47 304
304 355 46
355 46 47
177 357 168
357 168 378
168 378 177
378 177 357
353 310 349
353 349 354
164 326 155
25 306 145
321 145 25
321 25 306
357 168 301
378 301 168
118 134 304
134 349 118
307 42 163
320 103 29
101 303 108
171 192 315
54 315 192
37 302 183
315 183 37
70 343 309
309 62 67
303 108 47
47 355 108
118 129 295
318 118 129
325 95 44
44 341 95
294 181 187
340 187 181
39 159 302
345 159 39
112 303 101
351 383 361
84 291 52
52 322 84
70 315 54
359 54 70
119 139 316
316 139 87
347 377 381
381 347 308
347 377 303
294 187 41
307 41 187
64 323 321
321 383 64
383 64 323
141 290 43
95 290 110
325 110 95
63 315 70
326 70 63
326 63 315
382 119 139
314 35 185
354 120 137
343 379 365
379 365 369
49 300 67
309 67 49
156 313 158
376 352 310
307 173 193
344 193 173
110 30 290
320 30 110
381 347 82
381 82 308
162 167 311
68 311 167
317 104 91
317 91 336
91 336 104
107 28 292
375 292 28
375 28 107
339 183 180
382 304 134
382 134 353
150 157 292
302 38 39
339 39 38
166 321 25
153 296 150
70 59 309
70 343 59
175 178 340
357 175 178
299 104 100
144 164 302
302 326 144
326 144 164
291 52 58
291 58 343
58 343 52
135 295 136
341 136 135
341 135 295
83 77 353
382 353 83
83 382 77
50 356 60
151 159 345
147 296 153
313 153 147
31 121 344
322 78 66
308 113 71
71 308 381
71 381 113
321 5 56
321 56 363
56 363 5
137 354 138
22 167 311
68 311 22
362 113 71
58 343 359
58 359 52
302 144 37
37 326 144
309 70 62
62 326 70
44 341 43
129 136 295
64 300 323
383 64 300
363 308 73
363 73 323
143 154 351
358 143 154
305 171 174
321 93 363
93 363 317
153 296 345
345 147 153
80 316 48
334 97 45
63 37 315
326 63 37
307 184 173
147 40 313
345 40 147
296 151 153
345 153 151
178 177 357
378 177 178
121 32 312
344 32 121
156 163 313
320 156 163
83 310 77
83 382 310
315 192 183
304 46 128
355 128 46
123 33 324
84 338 81
293 82 88
347 88 82
177 324 34
357 34 177
177 357 324
363 323 64
363 64 321
124 297 349
354 349 124
354 124 297
305 174 179
26 99 317
317 375 99
375 99 26
138 353 83
33 177 298
177 298 357
357 33 177
322 84 78
362 336 96
362 96 113
124 297 116
116 349 124
332 342 304
299 97 102
334 102 97
59 291 57
356 57 59
180 339 39
182 357 177
291 58 59
59 343 58
294 40 39
39 345 40
290 4 141
306 143 149
358 149 143
347 82 53
381 53 82
292 161 150
358 150 161
102 111 334
295 45 135
341 135 45
293 85 57
293 57 352
352 57 85
37 192 315
315 192 63
107 92 350
41 184 307
349 118 353
353 134 118
61 291 52
367 373 379
373 379 365
128 129 295
29 292 28
30 290 4
61 57 291
61 352 57
352 310 338
355 46 108
41 294 40
40 313 41
163 41 307
41 313 163
142 355 46
31 344 173
293 57 60
356 60 57
356 57 293
89 83 316
382 89 83
80 316 2
316 2 48
350 100 107
375 107 100
132 121 312
127 116 318
318 349 127
349 127 116
340 181 178
178 378 181
297 117 124
354 124 117
312 136 132
341 132 136
172 189 319
189 319 176
130 297 133
314 133 130
316 48 139
320 156 165
372 368 384
365 384 372
38 339 180
379 367 369
369 379 373
66 319 189
38 37 302
324 33 177
306 145 143
143 361 145
89 316 55
347 55 89
347 89 316
102 299 104
83 119 382
54 315 63
306 26 25
321 25 26
338 86 84
45 111 334
355 111 45
22 75 311
68 311 75
143 351 167
361 167 143
340 188 181
298 188 175
175 340 188
382 119 131
292 28 27
375 27 28
346 332 342
146 143 351
295 142 45
45 355 142
178 168 378
64 72 321
72 321 363
363 64 72
341 132 135
47 128 304
91 362 317
363 317 91
363 91 362
74 56 321
321 56 166
53 82 308
53 308 381
177 182 301
301 357 177
149 306 27
107 299 92
350 107 299
160 37 326
326 63 160
98 321 114
363 114 98
363 98 321
308 73 72
308 72 363
363 72 73
75 67 311
311 75 383
383 67 75
326 160 144
316 2 139
297 125 130
130 324 125
99 100 317
375 100 99
304 134 131
382 131 134
86 81 310
310 338 81
338 81 86
85 310 83
83 382 85
314 185 36
308 72 71
71 363 72
151 39 345
301 168 176
378 176 168
72 71 362
363 362 72
173 32 298
173 344 32
321 56 72
363 72 56
347 89 88
298 175 177
177 357 175
352 310 81
296 150 154
154 358 150
355 46 111
52 59 291
316 2 87
149 150 358
306 27 26
26 375 27
0 166 321
0 321 25
75 167 311
301 177 168
300 90 64
383 64 90
383 90 300
300 67 90
383 90 67
193 307 42
105 112 381
381 96 105
92 299 97
325 97 92
349 127 124
55 88 347
361 166 24
361 24 74
70 343 58
100 91 317
344 32 31
122 349 118
353 118 122
353 122 349
381 109 9
381 9 80
54 58 359
58 359 70
311 75 361
75 361 167
142 129 295
103 325 95
17 190 319
17 319 65
151 345 40
90 323 64
354 124 120
334 97 111
186 305 174
363 72 5
87 80 316
57 50 356
91 362 336
311 361 383
383 75 361
189 319 174
63 62 326
320 30 103
69 75 311
98 93 321
363 98 93
74 64 321
383 74 64
27 107 375
76 319 66
322 66 76
381 9 53
72 73 323
72 323 363
363 5 98
71 53 308
381 53 71
88 60 293
105 303 112
381 105 303
159 144 302
51 326 62
45 355 46
326 144 155
314 133 35
135 44 341
57 88 293
105 94 303
381 105 94
353 134 122
58 359 76
309 62 49
91 98 317
363 317 98
363 98 91
345 147 151
316 87 89
71 73 308
319 190 189
189 319 17
299 100 107
56 0 321
309 49 70
82 308 73
319 65 76
359 76 65
358 143 150
114 56 321
138 353 382
138 382 83
138 382 11
382 11 83
317 98 93
336 104 96
292 157 29
320 29 157
138 119 382
382 119 11
59 291 61
188 178 340
25 93 321
98 362 91
363 98 362
138 119 353
382 353 119
169 305 186
64 323 72
114 93 321
323 73 90
307 42 41
43 290 110
324 33 34
75 74 361
361 24 75
361 24 23
361 23 75
336 96 91
91 362 96
347 82 55
7 71 362
7 362 72
184 193 307
310 81 85
352 85 81
375 107 99
302 144 38
121 123 312
298 175 33
130 297 117
170 301 182
381 105 109
92 102 299
66 17 319
66 319 65
321 56 64
136 123 312
44 341 132
361 24 148
361 148 23
349 127 354
127 354 124
361 166 148
352 57 81
93 317 99
173 175 298
382 119 134
71 82 308
0 114 321
114 321 25
51 326 63
85 77 310
303 108 94
306 26 145
7 115 362
115 362 72
313 147 41
292 161 157
110 4 290
94 112 303
71 8 381
8 381 113
145 149 306
302 38 159
375 27 99
361 23 167
383 75 74
108 112 303
383 64 67
178 378 169
361 148 167
20 160 326
20 326 155
155 326 160
294 40 194
325 95 97
148 145 361
116 297 130
301 182 168
64 323 73
324 34 125
378 179 168
125 324 33
105 113 381
362 113 7
326 63 20
154 296 152
292 28 161
153 296 154
152 296 153
115 362 363
115 363 72
318 126 127
135 295 129
36 314 133
20 51 326
312 136 121
163 313 158
317 91 93
143 361 148
99 91 317
127 118 318
349 118 127
134 128 304
122 127 349
290 4 43
353 119 134
313 158 147
58 359 65
113 115 362
362 113 91
91 362 115
292 157 28
322 78 76
35 36 314
32 175 298
318 118 126
163 147 313
131 128 304
76 84 322
72 98 363
100 92 299
55 316 87
354 124 137
320 29 156
77 310 81
353 119 122
381 53 8
383 74 67
67 50 300
116 117 297
170 168 301
381 105 9
115 363 6
363 6 72
320 156 30
138 122 353
115 98 363
363 98 6
102 299 100
8 381 105
178 179 378
378 179 169
325 97 106
354 138 122
354 122 353
194 294 187
169 305 174
26 149 306
8 381 9
122 349 354
354 122 127
137 122 354
354 124 122
307 42 184
169 179 305
320 29 30
98 362 115
294 187 40
106 325 95
142 135 295
