56 5 24 114 25 166 226 321
14 15 79 78 36 140 191
10 80 87 9 48 109 139 221 316
19 63 20 160 37 192
110 43 30 141 31 42 165 193 195 212 249 290 307 344
0 56 72 6 114 98 226 268 321 363
5 72 7 115 98 268 363
71 72 8 6 113 115 267 362
71 53 7 9 105 113 286 381
80 2 53 8 109 105 286 381
2 11 87 83 139 119
10 12 83 138 119 287 382
11 13 77 83 138 137
12 14 86 77 137 120 259 354
13 1 79 86 140 120
1 16 78 66 191 172
15 17 66 172 189
16 18 66 65 189 190 224 319
17 19 65 54 190 171
18 3 63 54 192 171
63 3 51 21 160 155 231 326
51 68 22 20 155 162
68 75 21 23 162 167 216 311
22 75 24 148 167 266 361
56 0 74 75 23 166 148 266 361
114 0 93 26 166 145 211 226 306 321
99 93 25 27 145 149 222 211 226 280 317 306 321 375
107 99 26 28 149 161 197 211 280 292 306 375
107 29 27 157 161 197 280 292 375
107 103 30 28 157 156 197 225 292 320
110 4 103 29 165 156 195 225 290 320
141 4 121 32 193 173 195 249 290 344
121 123 33 31 173 175 203 217 229 249 298 312 324 344
125 123 32 34 175 177 203 229 262 298 324 357
130 125 33 35 177 182 206 229 238 219 262 301 324 333 314 357
130 133 34 36 185 182 219 229 314 324
140 1 133 35 191 185 78 219 79 314
160 3 144 38 192 183 220 207 231 63 315 302 326
144 159 39 37 183 180 207 244 302 339
151 159 38 40 180 194 244 199 250 207 339 294 345 302
147 151 41 39 187 194 218 199 250 313 294 345
163 147 40 42 187 184 218 212 253 199 313 307 348 294
4 165 163 41 193 184 212 307
110 4 95 44 141 132 195 246 290 341
95 97 43 45 132 135 239 230 246 334 325 341
97 111 44 46 142 135 239 200 246 260 334 295 341 355
108 111 47 45 142 128 209 260 304 355
108 94 48 46 131 128 209 208 221 260 304 303 316 355
109 2 94 47 139 131 208 221 209 80 303 316 304
50 67 62 70 59 205 214 278 261 300 309 373 356
67 49 90 57 60 59 261 205 278 356 300 373
69 68 21 62 63 20 155 231 326
58 76 84 61 59 227 196 264 248 322 291 359 343
82 71 8 55 80 9 252 286 213 347 381 308
65 58 18 70 63 19 220 171 264 192 315 359
87 80 53 88 82 89 252 221 347 316
0 5 24 64 72 74 226 268 166 114 321 363
88 85 81 60 61 59 50 196 257 261 198 291 352 356 293
76 65 54 70 59 52 196 248 264 291 343 359
58 70 49 52 61 57 50 261 196 278 214 248 356 291 373 309 343
82 73 90 88 57 50 213 228 234 198 261 308 323 329 293 356
57 81 84 52 59 243 196 257 338 291 352
67 69 49 51 63 70 231 214 240 326 309 335
20 3 19 70 54 62 51 220 231 37 192 160 315 326
74 67 90 73 72 56 228 226 288 205 268 323 321 383 300 363
66 76 17 58 54 18 190 224 264 171 319 359
76 65 17 78 15 16 224 172 227 189 319 322
74 64 90 75 69 62 50 49 216 214 265 205 288 311 309 360 300 383
75 69 51 22 21 216 162 231 155 167 311 326
67 75 62 68 51 214 216 240 231 309 311 335 326
63 54 62 58 59 49 220 214 231 248 264 315 309 326 343 359
73 72 7 82 53 8 267 213 268 113 286 362 308 363 381
64 73 56 71 7 5 6 226 268 213 267 228 115 98 321 363 308 362 323
64 72 90 71 82 60 213 228 268 308 323 363
67 64 56 75 24 166 226 288 266 321 383 361
67 69 74 68 22 24 23 216 288 167 266 311 383 361
66 65 58 78 84 52 227 264 224 322 359 319
85 81 83 86 13 12 215 259 258 287 138 137 310 354 353 382
79 1 15 76 66 84 191 219 227 36 172 314 322
78 1 14 86 84 140 219 243 227 120 36 314 338 322
2 87 9 55 53 252 109 286 221 48 347 381 316
77 85 86 57 84 61 243 257 215 338 352 310
71 73 53 60 88 55 213 198 252 286 308 293 347 381
85 77 12 89 87 10 11 221 287 258 215 138 119 316 382 353 310
86 81 79 61 76 78 52 227 196 243 322 291 338
77 81 83 88 89 57 198 251 257 287 215 293 346 352 382 310
81 77 13 84 79 14 215 243 259 120 310 338 354
2 80 10 55 89 83 119 221 287 139 316 382
85 89 57 60 82 55 221 251 252 198 316 346 347 293
88 85 83 55 87 221 251 287 252 316 346 382 347
64 67 73 50 60 234 205 261 228 288 329 300 356 323 383
99 93 98 100 104 113 96 115 222 241 267 268 317 336 362 363
102 100 107 97 106 204 255 230 299 350 325
91 99 98 26 114 25 222 226 268 317 321 363
108 112 47 105 109 48 208 286 303 381
106 97 44 103 110 43 230 195 246 325 290 341
113 91 104 101 112 105 208 241 286 267 303 336 381 362
95 106 44 92 102 111 45 230 239 204 325 334 299
91 93 114 115 5 6 226 268 222 267 72 321 363 317 362
91 93 26 100 107 27 222 280 317 375
102 92 107 91 99 104 222 255 280 204 241 317 350 375 299 336
108 112 111 104 96 102 208 239 241 204 303 334 336 299
92 100 97 104 101 111 204 239 299 334
95 110 106 30 107 29 230 225 255 195 325 320 350 290
91 100 96 102 101 204 241 222 299 336 317
96 113 8 109 94 112 9 286 208 381 303
95 97 103 92 107 230 255 204 325 350 299
100 92 106 99 27 103 29 28 197 225 255 280 204 292 320 350 375 299
101 112 111 94 47 46 239 208 260 334 303 355
48 2 9 105 94 221 208 252 286 80 316 303 347 381
43 4 30 103 95 195 230 225 290 325 320
101 108 102 46 97 45 208 239 260 303 334 355
108 101 96 94 105 208 286 303 381
96 91 115 105 8 7 267 241 286 213 71 362 336 381 308
5 0 25 93 98 226 268 56 321 363
113 91 98 7 6 72 267 268 362 363
127 124 117 125 126 130 202 223 254 297 318 349
116 124 130 120 133 202 259 297 354
127 126 129 122 128 134 200 209 223 254 258 295 304 318 349 353
134 131 122 138 11 139 10 87 221 287 83 258 316 382 353
124 137 117 13 133 140 14 202 243 259 219 86 79 297 338 354 314
136 123 32 132 141 31 217 249 312 344
124 127 137 118 134 119 138 254 258 259 349 353 354
125 126 33 136 121 32 217 229 312 324
116 127 117 122 137 120 202 254 259 297 349 354
126 116 130 123 33 34 202 223 233 229 217 297 318 328 324 312
125 116 127 123 136 118 129 217 223 233 200 312 318 328 295
116 124 126 122 118 223 254 259 318 349 354
129 118 142 134 131 47 46 209 200 260 304 295 355
118 126 136 128 142 135 200 223 295 318
116 125 117 34 133 35 219 202 229 314 297 324
128 134 47 119 139 48 209 221 287 304 316 382
135 136 121 44 141 43 217 246 195 312 341 290
120 140 36 130 117 35 202 219 297 314
118 128 131 122 119 254 209 258 287 349 304 353 382
129 136 142 132 44 45 200 246 295 341
126 123 121 129 135 132 200 217 246 295 312 341
124 122 120 138 12 13 77 259 354
122 137 12 119 11 258 77 259 83 287 353 354 382
48 2 10 131 119 221 287 87 316 382
36 1 14 133 120 219 243 79 314 338
43 4 31 132 121 246 217 249 195 341 312 344 290
129 128 46 135 45 200 260 295 355
146 154 167 145 148 149 150 256 211 263 266 351 306 358 361
164 159 38 155 160 37 207 231 302 326
143 148 166 149 26 25 211 266 226 306 361 321
143 154 167 152 164 162 216 201 240 256 311 296 335 351
153 158 151 163 41 40 201 218 250 296 313 345
143 145 166 167 24 23 266 361
145 143 26 150 161 27 211 263 306 358
158 157 161 153 154 149 143 197 263 201 292 358 296
147 153 40 152 159 39 201 250 296 345
154 146 164 153 151 159 207 201 240 250 302 296 335 345
147 158 151 150 154 152 201 218 250 296 313 345
143 146 152 153 150 256 201 263 351 296 358
144 164 160 162 21 20 68 231 51 326
157 158 29 163 165 30 218 225 313 320
158 156 29 150 161 28 218 197 225 313 292 320
157 156 150 153 147 163 236 197 263 201 218 331 292 358 296 313
164 144 38 152 151 39 207 201 250 302 296 345
20 3 37 144 155 63 231 326
150 157 28 149 27 211 197 263 306 292 358
164 146 167 155 21 22 231 216 240 68 326 311 335
158 147 41 156 165 42 212 218 225 307 313 320
152 146 162 144 159 155 231 240 216 201 207 326 335 311 296 302
42 4 30 163 156 218 212 232 225 195 313 307 327 320 290
0 24 25 148 145 226 211 266 288 74 56 321 306 361 383
146 143 162 148 23 22 216 256 266 68 75 311 351 361
170 182 176 177 178 179 262 283 206 357 378 301
186 174 179 180 181 178 210 245 283 244 305 340 378 339
172 185 176 168 182 206 301
174 190 186 192 183 19 18 220 210 264 54 65 315 305 359
170 185 176 191 15 189 16 224 206 227 66 78 319 301 322
184 193 31 188 175 32 203 212 249 298 307 344
186 169 179 171 190 189 176 210 224 305 319
188 173 32 178 177 33 245 203 262 340 298 357
174 189 179 172 170 168 206 224 283 210 301 319 378 305
182 168 178 34 175 33 262 283 229 203 206 357 378 324 298 301
169 181 179 168 177 188 175 262 245 283 357 340 378
169 174 176 178 168 210 283 305 378
169 186 181 194 39 183 38 244 210 339 305
180 169 178 187 194 188 210 244 245 199 283 305 339 340 294 378
168 170 177 185 35 34 219 206 238 262 314 301 333 357
192 171 186 37 180 38 220 244 207 315 339 302
173 193 188 42 187 41 212 307
170 172 191 182 36 35 206 219 227 301 314 322
174 169 171 180 183 220 210 244 315 305 339
194 181 40 188 184 41 199 212 245 294 307 340
173 184 175 187 181 178 199 212 245 203 294 307 340 298
190 174 176 172 16 17 224 66 319
174 171 189 18 17 224 210 264 65 319 305 359
1 36 15 172 185 219 227 78 314 322
3 19 37 171 183 54 220 63 315
4 42 31 184 173 212 249 307 344
187 181 40 180 39 199 244 294 339
249 246 269 232 212 165 225 141 230 4 95 43 103 31 30 110 132
235 227 264 248 214 278 289 270 261 59 52 243 61 257 84 277 57 58
225 218 236 158 263 255 285 157 107 211 161 280 150 29 27 28
234 213 282 261 257 279 251 60 252 88 85 82 237 57
244 181 245 212 253 284 188 274 250 187 194 218 40 41 39
233 246 271 217 260 247 223 239 209 126 118 45 136 128 129 142 135
236 158 263 218 207 152 240 216 146 250 164 159 256 265 150 154 153 147 151
120 243 259 125 223 233 254 219 229 281 238 130 116 133 117 124
233 217 273 229 249 212 245 262 188 32 173 33 175 177
241 239 275 230 255 101 276 106 222 92 102 104 100 97 107
234 242 278 265 216 288 261 50 49 214 67 90 228 64
238 229 262 219 182 34 224 172 227 185 235 283 176 170 168 177
201 152 240 250 164 220 244 159 231 183 39 37 38 144
221 209 237 241 239 282 47 286 101 109 252 48 260 94 96 108 112 111 105
221 208 237 47 200 223 247 260 48 118 251 254 287 134 258 128 131 46
245 244 284 235 181 224 190 264 248 169 283 220 186 171 176 179 174 180
226 222 242 280 161 197 263 166 266 288 26 149 145 27 256 143 25
218 165 232 249 245 253 203 199 195 188 163 187 4 193 41 173 184 42
267 241 286 234 198 282 60 228 268 276 252 82 113 73 71 53 72
196 248 278 240 216 265 69 59 205 49 220 274 67 231 62 70
86 243 259 254 281 77 251 85 257 287 258 83 81
231 162 240 164 214 265 205 288 69 146 201 68 67 256 167 266 22 75
233 203 273 229 249 200 246 223 271 125 141 126 32 123 132 136 121
212 165 232 225 197 236 158 201 157 253 250 163 199 156 40 41 153 147
182 206 238 229 34 120 202 243 140 185 227 79 191 130 35 133 78 36
210 186 244 171 264 214 240 274 248 207 231 183 54 70 37 192 63
208 209 237 47 89 251 287 109 252 48 88 80 131 139 55 119 87 83 2
226 211 242 280 228 276 268 26 204 241 255 100 267 93 104 91 99 98
200 217 233 125 202 247 209 126 116 281 254 118 129 127
172 206 227 235 283 210 190 264 176 65 76 66 174 189 17
218 165 232 230 255 269 197 236 285 103 195 157 107 163 29 156 30 110
211 222 242 228 276 268 166 266 288 26 74 145 93 114 5 25 64 56 72 98 0
235 196 264 289 206 224 172 219 185 52 238 191 79 243 76 84 78 66
213 60 234 226 222 276 268 242 288 205 90 73 64 72
217 203 233 238 206 262 273 125 34 219 202 130 32 35 123 33 177
225 255 269 246 239 103 44 275 106 204 195 95 97 92 110
162 216 240 164 69 68 207 214 220 62 70 155 51 37 63 144 160 20
165 218 212 225 269 249 271 272 273 236 195 253 285
217 203 273 229 200 246 271 249 247 223 125 202 126 238 281 277 289
261 272 279 278 242 285 205 275 213 198 282 228 60 276 90
227 196 264 210 245 284 248 289 206 224 283 244 238 270 273 262
218 225 197 158 263 232 201 285 250 240 274 253 265 242 272 278
209 221 208 260 252 247 279 239 282 198 251
229 206 262 219 182 34 202 227 235 289 243 281 233 273 277
246 260 271 269 275 230 200 241 208 282 279 44 101 204 108 45 237 97 102 111
216 231 162 164 214 265 69 152 207 201 146 250 220 274 244 236 256 62
239 208 282 267 213 286 101 204 275 268 276 96 222 255 113 104 100 91
278 234 285 205 265 222 226 211 280 276 263 228 288 256 266 236
120 202 259 254 215 86 219 140 79 281 227 238 196 289 61 257 84 81
245 210 284 181 199 235 248 186 220 240 274 207 169 250 194 183 39 180 38
244 210 284 253 249 273 235 212 181 199 203 169 283 188 262 187 178 175
233 200 271 217 239 260 269 249 230 195 44 141 45 95 132 43 136 135
260 200 271 233 223 279 209 281 251 254 237
235 196 264 214 278 270 244 210 284 220 274 59 52 70 58
203 217 273 253 245 233 212 269 246 271 195 232 141 4 193 121 31 32 173
240 207 201 218 236 274 253 159 244 199 284 152 40 39 147 151 153
279 257 281 221 89 287 198 247 88 252 209 254 85 215 237
208 221 109 286 237 198 213 282 251 88 80 279 82 53 55 89
245 249 273 212 199 232 272 218 236 250 274 284 41
243 202 259 215 281 223 209 251 247 287 134 258 118 116 124 127 122
225 230 269 197 285 103 106 204 275 107 276 241 222 92 280 100
240 201 216 146 265 242 288 263 154 211 266 143 167
279 277 281 261 251 198 61 243 196 85 289 215 81 57
209 254 134 287 77 215 259 138 83 118 122 119
243 120 202 254 215 86 77 117 13 258 138 137 124 127 122
239 246 271 200 247 279 209 237 208 47 108 128 282 45 142 111 46
271 272 277 279 234 257 196 59 278 50 205 198 49 270 90 60 57
206 238 229 34 182 203 273 245 235 283 178 175 33 177 168
158 236 197 201 211 161 280 242 285 150 265 256 149 154 143
196 235 227 248 190 224 210 52 220 171 76 54 65 70 58
278 242 285 214 240 216 205 288 67 236 274 256 263 201 272
211 226 166 288 242 74 145 256 143 216 167 24 75 23 148
213 241 286 113 268 222 71 96 91 72 98 7 115
226 228 222 276 241 213 267 114 5 71 56 73 93 64 72 91 98 115 6
255 225 230 246 239 271 275 249 195 232 285 272
248 196 278 261 277 272 235 289 273 284 274
261 272 277 279 246 233 200 260 239 269 247 275 249 217 232 273 281
271 261 277 279 234 275 232 273 278 253 285 269 270 284 236 274 265
203 233 217 249 229 253 245 271 272 232 277 262 284 238 235 270 289
240 214 220 244 248 250 236 253 199 284 265 278 272 270
269 271 239 272 279 234 230 241 204 255 282 276 285
222 228 226 268 242 213 241 275 204 234 282 285 255 280
272 271 261 279 257 281 273 278 270 196 233 289 238
248 214 196 242 234 285 270 205 265 59 261 50 272 277 49 274 236 284
271 272 261 234 257 277 281 275 251 260 239 247 198 282 252 237
222 242 211 263 197 285 276 26 255 27 100 107 28 99
277 279 257 271 251 243 254 202 215 238 233 247 223 289
208 241 239 198 234 213 286 275 279 252 276 237 260
224 235 206 245 210 169 176 181 262 179 178 168 177
210 245 244 235 248 199 273 253 272 274 250 270 278
234 278 242 265 225 255 197 269 236 232 272 263 280 276 275
241 267 213 282 208 252 109 80 96 113 112 53 94 82 71 105 9 8
251 221 89 254 209 85 215 258 77 131 139 119 87 83 134 138 11
265 216 205 226 266 211 166 242 256 228 67 74 64 75 90
235 196 227 238 243 270 257 273 281 233 277
344 341 364 327 307 165 320 141 325 4 95 43 103 31 30 110 132
330 322 359 343 309 373 384 365 356 59 52 338 61 352 84 372 57 58
320 313 331 158 358 350 380 157 107 306 161 375 150 29 27 28
329 308 377 356 352 374 346 60 347 88 85 82 332 57
339 181 340 307 348 379 188 369 345 187 194 313 40 41 39
328 341 366 312 355 342 318 334 304 126 118 45 136 128 129 142 135
331 158 358 313 302 152 335 311 146 345 164 159 351 360 150 154 153 147 151
120 338 354 125 318 328 349 314 324 376 333 130 116 133 117 124
328 312 368 324 344 307 340 357 188 32 173 33 175 177
336 334 370 325 350 101 371 106 317 92 102 104 100 97 107
329 337 373 360 311 383 356 50 49 309 67 90 323 64
333 324 357 314 182 34 319 172 322 185 330 378 176 170 168 177
296 152 335 345 164 315 339 159 326 183 39 37 38 144
316 304 332 336 334 377 47 381 101 109 347 48 355 94 96 108 112 111 105
316 303 332 47 295 318 342 355 48 118 346 349 382 134 353 128 131 46
340 339 379 330 181 319 190 359 343 169 378 315 186 171 176 179 174 180
321 317 337 375 161 292 358 166 361 383 26 149 145 27 351 143 25
313 165 327 344 340 348 298 294 290 188 163 187 4 193 41 173 184 42
362 336 381 329 293 377 60 323 363 371 347 82 113 73 71 53 72
291 343 373 335 311 360 69 59 300 49 315 369 67 326 62 70
86 338 354 349 376 77 346 85 352 382 353 83 81
326 162 335 164 309 360 300 383 69 146 296 68 67 351 167 361 22 75
328 298 368 324 344 295 341 318 366 125 141 126 32 123 132 136 121
307 165 327 320 292 331 158 296 157 348 345 163 294 156 40 41 153 147
182 301 333 324 34 120 297 338 140 185 322 79 191 130 35 133 78 36
305 186 339 171 359 309 335 369 343 302 326 183 54 70 37 192 63
303 304 332 47 89 346 382 109 347 48 88 80 131 139 55 119 87 83 2
321 306 337 375 323 371 363 26 299 336 350 100 362 93 104 91 99 98
295 312 328 125 297 342 304 126 116 376 349 118 129 127
172 301 322 330 378 305 190 359 176 65 76 66 174 189 17
313 165 327 325 350 364 292 331 380 103 290 157 107 163 29 156 30 110
306 317 337 323 371 363 166 361 383 26 74 145 93 114 5 25 64 56 72 98 0
330 291 359 384 301 319 172 314 185 52 333 191 79 338 76 84 78 66
308 60 329 321 317 371 363 337 383 300 90 73 64 72
312 298 328 333 301 357 368 125 34 314 297 130 32 35 123 33 177
320 350 364 341 334 103 44 370 106 299 290 95 97 92 110
162 311 335 164 69 68 302 309 315 62 70 155 51 37 63 144 160 20
165 313 307 320 364 344 366 367 368 331 290 348 380
312 298 368 324 295 341 366 344 342 318 125 297 126 333 376 372 384
356 367 374 373 337 380 300 370 308 293 377 323 60 371 90
322 291 359 305 340 379 343 384 301 319 378 339 333 365 368 357
313 320 292 158 358 327 296 380 345 335 369 348 360 337 367 373
304 316 303 355 347 342 374 334 377 293 346
324 301 357 314 182 34 297 322 330 384 338 376 328 368 372
341 355 366 364 370 325 295 336 303 377 374 44 101 299 108 45 332 97 102 111
311 326 162 164 309 360 69 152 302 296 146 345 315 369 339 331 351 62
334 303 377 362 308 381 101 299 370 363 371 96 317 350 113 104 100 91
373 329 380 300 360 317 321 306 375 371 358 323 383 351 361 331
120 297 354 349 310 86 314 140 79 376 322 333 291 384 61 352 84 81
340 305 379 181 294 330 343 186 315 335 369 302 169 345 194 183 39 180 38
339 305 379 348 344 368 330 307 181 294 298 169 378 188 357 187 178 175
328 295 366 312 334 355 364 344 325 290 44 141 45 95 132 43 136 135
355 295 366 328 318 374 304 376 346 349 332
330 291 359 309 373 365 339 305 379 315 369 59 52 70 58
298 312 368 348 340 328 307 364 341 366 290 327 141 4 193 121 31 32 173
335 302 296 313 331 369 348 159 339 294 379 152 40 39 147 151 153
374 352 376 316 89 382 293 342 88 347 304 349 85 310 332
303 316 109 381 332 293 308 377 346 88 80 374 82 53 55 89
340 344 368 307 294 327 367 313 331 345 369 379 41
338 297 354 310 376 318 304 346 342 382 134 353 118 116 124 127 122
320 325 364 292 380 103 106 299 370 107 371 336 317 92 375 100
335 296 311 146 360 337 383 358 154 306 361 143 167
374 372 376 356 346 293 61 338 291 85 384 310 81 57
304 349 134 382 77 310 354 138 83 118 122 119
338 120 297 349 310 86 77 117 13 353 138 137 124 127 122
334 341 366 295 342 374 304 332 303 47 108 128 377 45 142 111 46
366 367 372 374 329 352 291 59 373 50 300 293 49 365 90 60 57
301 333 324 34 182 298 368 340 330 378 178 175 33 177 168
158 331 292 296 306 161 375 337 380 150 360 351 149 154 143
291 330 322 343 190 319 305 52 315 171 76 54 65 70 58
373 337 380 309 335 311 300 383 67 331 369 351 358 296 367
306 321 166 383 337 74 145 351 143 311 167 24 75 23 148
308 336 381 113 363 317 71 96 91 72 98 7 115
321 323 317 371 336 308 362 114 5 71 56 73 93 64 72 91 98 115 6
350 320 325 341 334 366 370 344 290 327 380 367
343 291 373 356 372 367 330 384 368 379 369
356 367 372 374 341 328 295 355 334 364 342 370 344 312 327 368 376
366 356 372 374 329 370 327 368 373 348 380 364 365 379 331 369 360
298 328 312 344 324 348 340 366 367 327 372 357 379 333 330 365 384
335 309 315 339 343 345 331 348 294 379 360 373 367 365
364 366 334 367 374 329 325 336 299 350 377 371 380
317 323 321 363 337 308 336 370 299 329 377 380 350 375
367 366 356 374 352 376 368 373 365 291 328 384 333
343 309 291 337 329 380 365 300 360 59 356 50 367 372 49 369 331 379
366 367 356 329 352 372 376 370 346 355 334 342 293 377 347 332
317 337 306 358 292 380 371 26 350 27 100 107 28 99
372 374 352 366 346 338 349 297 310 333 328 342 318 384
303 336 334 293 329 308 381 370 374 347 371 332 355
319 330 301 340 305 169 176 181 357 179 178 168 177
305 340 339 330 343 294 368 348 367 369 345 365 373
329 373 337 360 320 350 292 364 331 327 367 358 375 371 370
336 362 308 377 303 347 109 80 96 113 112 53 94 82 71 105 9 8
346 316 89 349 304 85 310 353 77 131 139 119 87 83 134 138 11
360 311 300 321 361 306 166 337 351 323 67 74 64 75 90
330 291 322 333 338 365 352 368 376 328 372
