0 0 0.1 1
0 0 -0.1 1
0.1 0 0 1
-0.1 0 0 1
0 -0.14 0 1
0.0258819 0 0.0965926 1
0.05 0 0.0866025 1
0.0707107 0 0.0707107 1
0.0866025 0 0.05 1
0.0965926 0 0.0258819 1
0.0965926 0 -0.0258819 1
0.0866025 0 -0.05 1
0.0707107 0 -0.0707107 1
0.05 0 -0.0866025 1
0.0258819 0 -0.0965926 1
-0.0258819 0 -0.0965926 1
-0.05 0 -0.0866025 1
-0.0707107 0 -0.0707107 1
-0.0866025 0 -0.05 1
-0.0965926 0 -0.0258819 1
-0.0965926 0 0.0258819 1
-0.0866025 0 0.05 1
-0.0707107 0 0.0707107 1
-0.05 0 0.0866025 1
-0.0258819 0 0.0965926 1
0 -0.0280825 0.105532 1
0 -0.0566198 0.103328 1
0 -0.0835198 0.0935495 1
0 -0.106811 0.0769132 1
0 -0.124785 0.0546386 1
0 -0.136125 0.0283588 1
0 -0.136125 -0.0283588 1
0 -0.124785 -0.0546386 1
0 -0.106811 -0.0769132 1
0 -0.0835198 -0.0935495 1
0 -0.0566198 -0.103328 1
0 -0.0280825 -0.105532 1
-0.105532 -0.0280825 0 1
-0.103328 -0.0566198 0 1
-0.0935495 -0.0835198 0 1
-0.0769132 -0.106811 0 1
-0.0546386 -0.124785 0 1
-0.0283588 -0.136125 0 1
0.0283588 -0.136125 0 1
0.0546386 -0.124785 0 1
0.0769132 -0.106811 0 1
0.0935495 -0.0835198 0 1
0.103328 -0.0566198 0 1
0.105532 -0.0280825 0 1
-0.0277867 0 0.011244 1
-0.00370391 0 0.0140966 1
-0.0790409 0 0.0289777 1
-0.0176861 0 -0.0344008 1
0.072309 0 0.0272265 1
-0.0730711 0 -0.0242976 1
0.0679584 0 0.0043956 1
0.00456017 0 0.0858424 1
0.0180714 0 -0.00951775 1
-0.045707 0 -0.0273608 1
-0.0153337 0 -0.010554 1
0.0255202 0 0.0178666 1
0.00229056 0 -0.0282821 1
-0.0503963 0 0.0203563 1
-0.0832906 0 0.00326968 1
0.00658097 0 0.0592632 1
-0.0616929 0 -0.045966 1
-0.0425116 0 -0.0702544 1
-0.0241455 0 0.0411632 1
-0.0671194 0 0.0529275 1
-0.0537937 0 0.0415292 1
-0.0490072 0 -0.00258995 1
0.0590087 0 0.0496438 1
0.0374366 0 0.072214 1
0.0311169 0 0.0436727 1
-0.0170264 0 0.0716194 1
-0.0451006 0 0.0682153 1
-0.0306066 0 -0.0501513 1
0.0497682 0 -0.0561848 1
-0.0142036 0 -0.0786732 1
0.0140741 0 -0.0837687 1
0.0878573 0 0.00904607 1
0.0246965 0 -0.040709 1
0.0511672 0 0.0240697 1
0.0737447 0 -0.0370365 1
0.000777428 0 -0.0547836 1
0.0469313 0 -0.0267273 1
0.0286431 0 -0.0661416 1
0.084823 0 -0.0118363 1
0.0456734 0 -0.00023065 1
0.0633728 0 -0.0136436 1
0.00717081 0 0.0357352 1
0.0561584 -0.0506557 0.0857001 1
0.0476912 -0.105032 0.0598059 1
0.025533 -0.0430771 0.101074 1
0.102034 -0.0424925 0.0221891 1
0.036415 -0.129688 0.0257695 1
0.0813524 -0.0495884 0.0624731 1
0.0580655 -0.114695 0.0335464 1
0.0404539 -0.0228307 0.0959516 1
0.0265447 -0.0742606 0.0926933 1
0.0479367 -0.0864259 0.075873 1
0.0830699 -0.0714253 0.0496827 1
0.0663278 -0.092982 0.0541452 1
0.0191951 -0.128944 0.0421156 1
0.0692307 -0.0684555 0.0688801 1
0.0948064 -0.0268937 0.0435213 1
0.037096 -0.118762 0.0496817 1
0.0235265 -0.106908 0.071782 1
0.0958432 -0.0672092 0.0252334 1
0.10262 -0.0194019 0.0179821 1
0.0170613 -0.136659 0.0195817 1
0.0827266 -0.0920521 0.0270387 1
0.0925337 -0.051095 0.0443271 1
0.0782842 -0.0256137 0.0685491 1
0.0191108 -0.0187062 0.102304 1
0.0611398 -0.0201831 0.0837883 1
0.0483378 -0.0717282 -0.0837598 1
0.0397099 -0.0475301 -0.0953565 1
0.0823254 -0.0714316 -0.0508544 1
0.0961249 -0.0232032 -0.0401238 1
0.0394647 -0.0238315 -0.096455 1
0.0210883 -0.127943 -0.0432941 1
0.0809949 -0.0416193 -0.0646319 1
0.0323449 -0.112282 -0.0618375 1
0.0572256 -0.0453718 -0.0859573 1
0.0290502 -0.0919829 -0.0819972 1
0.0576238 -0.0922845 -0.0639013 1
0.0695542 -0.0635682 -0.0708011 1
0.0939681 -0.0725285 -0.0248279 1
0.0744087 -0.0965818 -0.0378876 1
0.02428 -0.0680484 -0.0958381 1
0.102377 -0.0421272 -0.0209348 1
0.0409942 -0.129153 -0.0204836 1
0.0204356 -0.0405334 -0.102626 1
0.0938148 -0.0507407 -0.0418476 1
0.0656024 -0.113678 -0.0204578 1
0.0495021 -0.116313 -0.0420998 1
0.0665976 -0.0219726 -0.0796834 1
0.0822923 -0.0176031 -0.0626917 1
0.10257 -0.0186369 -0.0177398 1
0.0174885 -0.0184397 -0.102592 1
0.0184464 -0.136558 -0.0188106 1
0.0827858 -0.0963609 -0.0171976 1
-0.0519604 -0.0553317 0.0873006 1
-0.102309 -0.0415662 0.0214154 1
-0.0253406 -0.0429171 0.101145 1
-0.0759115 -0.0501661 0.0687724 1
-0.0687536 -0.10674 0.0309263 1
-0.0399656 -0.0259756 0.0963739 1
-0.0268579 -0.0709172 0.0939611 1
-0.0463213 -0.0898636 0.0745317 1
-0.0839241 -0.088987 0.0292128 1
-0.0837667 -0.068716 0.0504372 1
-0.0683982 -0.0925811 0.0519902 1
-0.0686956 -0.0679412 0.0696654 1
-0.096782 -0.0211441 0.0381263 1
-0.0237731 -0.128536 0.0404832 1
-0.0241778 -0.113329 0.0645677 1
-0.0509005 -0.111374 0.0486753 1
-0.096246 -0.0658234 0.0254486 1
-0.10262 -0.0194061 0.017985 1
-0.0208036 -0.0941992 0.0833338 1
-0.0837231 -0.0260121 0.061865 1
-0.0415033 -0.128208 0.0232869 1
-0.0929914 -0.0444253 0.0456061 1
-0.0190321 -0.136464 0.0187194 1
-0.0199476 -0.0192478 0.102196 1
-0.0644848 -0.0268477 0.0817419 1
-0.0483378 -0.0717282 -0.0837598 1
-0.0823254 -0.0714316 -0.0508544 1
-0.0397099 -0.0475301 -0.0953565 1
-0.0961249 -0.0232032 -0.0401238 1
-0.0394647 -0.0238315 -0.096455 1
-0.0210883 -0.127943 -0.0432941 1
-0.0809949 -0.0416193 -0.0646319 1
-0.0323449 -0.112282 -0.0618375 1
-0.0572256 -0.0453718 -0.0859573 1
-0.0290502 -0.0919829 -0.0819972 1
-0.0576238 -0.0922845 -0.0639013 1
-0.0695542 -0.0635682 -0.0708011 1
-0.0939681 -0.0725285 -0.0248279 1
-0.0744087 -0.0965818 -0.0378876 1
-0.02428 -0.0680484 -0.0958381 1
-0.102377 -0.0421272 -0.0209348 1
-0.0409942 -0.129153 -0.0204836 1
-0.0204356 -0.0405334 -0.102626 1
-0.0938148 -0.0507407 -0.0418476 1
-0.0656024 -0.113678 -0.0204578 1
-0.0495021 -0.116313 -0.0420998 1
-0.0665976 -0.0219726 -0.0796834 1
-0.0822923 -0.0176031 -0.0626917 1
-0.0174885 -0.0184397 -0.102592 1
-0.10257 -0.0186369 -0.0177398 1
-0.0184464 -0.136558 -0.0188106 1
-0.0827858 -0.0963609 -0.0171976 1
0.0113864 -0.117621 0.0037697 1
-0.0102228 -0.0204124 -0.0230976 1
-0.0113821 -0.0917034 0.059659 1
0.0295363 -0.0204124 0.00206891 1
-0.0597513 -0.0923757 -0.00986553 1
0.058993 -0.0897761 -0.0196766 1
-0.0581242 -0.0694294 0.0459033 1
0.0300801 -0.0568697 -0.0734259 1
-0.0126315 -0.102433 -0.0461846 1
0.0439228 -0.0814202 0.0513287 1
-0.0098261 -0.0204124 0.0307253 1
-0.0300801 -0.0568697 -0.0734259 1
-0.0810022 -0.0511722 0.0111311 1
0.0779475 -0.0495724 0.0238804 1
0.0781203 -0.0520342 -0.0209058 1
-0.0673844 -0.0507143 -0.0437902 1
-0.0125708 -0.053134 0.079952 1
-0.0243099 -0.114291 -0.0103912 1
0.0466043 -0.0204124 0.039458 1
-0.0416836 -0.0204124 0.0093686 1
0.0411176 -0.0204124 -0.0421526 1
-0.0474483 -0.0291847 0.0542212 1
0.0273317 -0.103166 -0.0378802 1
-0.0426835 -0.100823 0.0247067 1
0.00339132 -0.0407475 -0.0836661 1
-0.0707238 -0.0317015 -0.00772579 1
0.0735837 -0.0204124 -0.00663677 1
0.0297311 -0.0523907 0.0739704 1
0.0552021 -0.0699128 -0.0485013 1
-0.049613 -0.0244814 -0.0561444 1
-0.00576447 -0.111154 0.0331699 1
0.00673225 -0.0259848 0.0796838 1
-0.0161464 -0.0204124 -0.0608128 1
0.0164801 -0.0204124 0.04774 1
0.0079783 -0.0824451 -0.0674231 1
0.0351781 -0.104246 0.0286415 1
-0.0771423 -0.0249916 0.0211095 1
-0.00854314 -0.093421 0.0072344 1
0.0224875 -0.0696446 -0.0395722 1
0.0142194 -0.0408248 0.022392 1
-0.0354958 -0.0497947 -0.0427768 1
-0.0255812 -0.0724966 0.0346815 1
0.0566634 -0.0456976 0.00112422 1
-0.00337878 -0.0546656 -0.0551932 1
0.0536616 -0.078529 0.0201544 1
-0.0526916 -0.0452146 0.0267575 1
0.0504964 -0.0516718 0.0516859 1
-0.00654455 -0.0442836 0.0544949 1
0.0147717 -0.0296569 -0.05498 1
-0.0660903 -0.0588786 -0.0107053 1
-0.0398866 -0.0843694 -0.0361298 1
0.0355612 -0.100963 -0.00757939 1
0.0488323 -0.0608978 -0.0199456 1
-0.0419994 -0.0304299 -0.0204212 1
-0.00132927 -0.104241 -0.0228404 1
-0.0599024 -0.0744154 0.0147501 1
0.0487448 -0.0408248 -0.0165278 1
0.0604196 -0.025409 0.00999504 1
-0.0308948 -0.08557 8.25988e-005 1
0.0555232 -0.0493421 -0.0523463 1
0.0210199 -0.0780654 0.0493179 1
-0.0379083 -0.0418889 0.0570724 1
0.0202548 -0.0255576 -0.0272576 1
0.0732501 -0.0328288 -0.0502167 1
0.057592 -0.0357041 -0.0689752 1
0.0659836 -0.0688565 0.0025723 1
0.00838505 -0.0300105 0.00367817 1
-0.0201759 -0.0753127 -0.0580066 1
-0.0319915 -0.0661239 0.056669 1
-0.0499253 -0.0233219 -0.0334161 1
-0.0322031 -0.0438094 0.0296657 1
-0.0349801 -0.0286395 0.0733614 1
0.0555669 -0.0294774 0.0716365 1
0.0354956 -0.0229021 0.0710536 1
0.0104512 -0.0910696 0.0177977 1
-0.0184799 -0.0486954 -0.0182679 1
0.0216344 -0.0722814 -0.00780828 1
-0.013211 -0.0652966 0.00988382 1
-0.00713621 -0.0724425 -0.0296099 1
-0.0400467 -0.0564025 0.00269633 1
0.02575 -0.0635495 0.0215285 1
0.0219758 -0.0490745 0.0460221 1
0.00141354 -0.0513655 -0.0235565 1
-0.0198664 -0.0448036 0.0112631 1
0.0313281 -0.0516431 0.00777836 1
0.0102457 -0.06911 0.0648186 1
0.0298606 -0.0480678 -0.0359018 1
0.0521051 -0.043892 0.0273566 1
-0.0549494 -0.0685528 -0.0585037 1
-0.03459 -0.0625052 -0.0135978 1
-0.0066393 -0.0718285 0.0358044 1
0.0769272 -0.0212502 0.0354245 1
0.0706373 -0.0300522 -0.0365404 1
-0.0200315 -0.0177261 0.0589299 1
-0.00505548 -0.0435223 -0.043232 1
0.0113864 -0.117621 0.0037697 1
-0.0102228 -0.0204124 -0.0230976 1
-0.0113821 -0.0917034 0.059659 1
0.0295363 -0.0204124 0.00206891 1
-0.0597513 -0.0923757 -0.00986553 1
0.058993 -0.0897761 -0.0196766 1
-0.0581242 -0.0694294 0.0459033 1
0.0300801 -0.0568697 -0.0734259 1
-0.0126315 -0.102433 -0.0461846 1
0.0439228 -0.0814202 0.0513287 1
-0.0098261 -0.0204124 0.0307253 1
-0.0300801 -0.0568697 -0.0734259 1
-0.0810022 -0.0511722 0.0111311 1
0.0779475 -0.0495724 0.0238804 1
0.0781203 -0.0520342 -0.0209058 1
-0.0673844 -0.0507143 -0.0437902 1
-0.0125708 -0.053134 0.079952 1
-0.0243099 -0.114291 -0.0103912 1
0.0466043 -0.0204124 0.039458 1
-0.0416836 -0.0204124 0.0093686 1
0.0411176 -0.0204124 -0.0421526 1
-0.0474483 -0.0291847 0.0542212 1
0.0273317 -0.103166 -0.0378802 1
-0.0426835 -0.100823 0.0247067 1
0.00339132 -0.0407475 -0.0836661 1
-0.0707238 -0.0317015 -0.00772579 1
0.0735837 -0.0204124 -0.00663677 1
0.0297311 -0.0523907 0.0739704 1
0.0552021 -0.0699128 -0.0485013 1
-0.049613 -0.0244814 -0.0561444 1
-0.00576447 -0.111154 0.0331699 1
0.00673225 -0.0259848 0.0796838 1
-0.0161464 -0.0204124 -0.0608128 1
0.0164801 -0.0204124 0.04774 1
0.0079783 -0.0824451 -0.0674231 1
0.0351781 -0.104246 0.0286415 1
-0.0771423 -0.0249916 0.0211095 1
-0.00854314 -0.093421 0.0072344 1
0.0224875 -0.0696446 -0.0395722 1
0.0142194 -0.0408248 0.022392 1
-0.0354958 -0.0497947 -0.0427768 1
-0.0255812 -0.0724966 0.0346815 1
0.0566634 -0.0456976 0.00112422 1
-0.00337878 -0.0546656 -0.0551932 1
0.0536616 -0.078529 0.0201544 1
-0.0526916 -0.0452146 0.0267575 1
0.0504964 -0.0516718 0.0516859 1
-0.00654455 -0.0442836 0.0544949 1
0.0147717 -0.0296569 -0.05498 1
-0.0660903 -0.0588786 -0.0107053 1
-0.0398866 -0.0843694 -0.0361298 1
0.0355612 -0.100963 -0.00757939 1
0.0488323 -0.0608978 -0.0199456 1
-0.0419994 -0.0304299 -0.0204212 1
-0.00132927 -0.104241 -0.0228404 1
-0.0599024 -0.0744154 0.0147501 1
0.0487448 -0.0408248 -0.0165278 1
0.0604196 -0.025409 0.00999504 1
-0.0308948 -0.08557 8.25988e-005 1
0.0555232 -0.0493421 -0.0523463 1
0.0210199 -0.0780654 0.0493179 1
-0.0379083 -0.0418889 0.0570724 1
0.0202548 -0.0255576 -0.0272576 1
0.0732501 -0.0328288 -0.0502167 1
0.057592 -0.0357041 -0.0689752 1
0.0659836 -0.0688565 0.0025723 1
0.00838505 -0.0300105 0.00367817 1
-0.0201759 -0.0753127 -0.0580066 1
-0.0319915 -0.0661239 0.056669 1
-0.0499253 -0.0233219 -0.0334161 1
-0.0322031 -0.0438094 0.0296657 1
-0.0349801 -0.0286395 0.0733614 1
0.0555669 -0.0294774 0.0716365 1
0.0354956 -0.0229021 0.0710536 1
0.0104512 -0.0910696 0.0177977 1
-0.0184799 -0.0486954 -0.0182679 1
0.0216344 -0.0722814 -0.00780828 1
-0.013211 -0.0652966 0.00988382 1
-0.00713621 -0.0724425 -0.0296099 1
-0.0400467 -0.0564025 0.00269633 1
0.02575 -0.0635495 0.0215285 1
0.0219758 -0.0490745 0.0460221 1
0.00141354 -0.0513655 -0.0235565 1
-0.0198664 -0.0448036 0.0112631 1
0.0313281 -0.0516431 0.00777836 1
0.0102457 -0.06911 0.0648186 1
0.0298606 -0.0480678 -0.0359018 1
0.0521051 -0.043892 0.0273566 1
-0.0549494 -0.0685528 -0.0585037 1
-0.03459 -0.0625052 -0.0135978 1
-0.0066393 -0.0718285 0.0358044 1
0.0769272 -0.0212502 0.0354245 1
0.0706373 -0.0300522 -0.0365404 1
-0.0200315 -0.0177261 0.0589299 1
-0.00505548 -0.0435223 -0.043232 1
